Model,MDO4034C
Firmware Version,1.10

Waveform Type,ANALOG,,,
Point Format,Y,,,
Horizontal Units,s,,,
Horizontal Scale,4e-07,,,
Horizontal Delay,1.874e-06,,,
Sample Interval,4e-10,,,
Record Length,10000,,,
Gating,0.0% to 100.0%,,,
Probe Attenuation,1,1,1,1
Vertical Units,V,V,V,V
Vertical Offset,0,0,0,0
Vertical Scale,0.2,0.2,1,1
Vertical Position,4.02,4.02,1.06,1.04
,,,,
,,,,
,,,,
Label,,,,
TIME,CH1,CH2,CH3,CH4
-1.2600e-07,0.004,0.004,0.02,0.08
-1.2560e-07,-0.004,-0.004,0.06,0.04
-1.2520e-07,-0.004,-0.004,0.02,0.04
-1.2480e-07,-0.004,0.004,0.02,0
-1.2440e-07,-0.012,-0.004,-0.02,0
-1.2400e-07,0.004,-0.004,0.02,0.04
-1.2360e-07,-0.012,0.004,0.02,0
-1.2320e-07,-0.004,0.004,0.02,0.08
-1.2280e-07,-0.004,0.004,0.02,0.04
-1.2240e-07,0.004,0.004,0.02,0.08
-1.2200e-07,0.004,0.004,0.02,0.04
-1.2160e-07,-0.004,0.004,0.02,0.04
-1.2120e-07,-0.004,-0.004,-0.02,0
-1.2080e-07,0.004,0.004,0.06,0.04
-1.2040e-07,0.004,0.004,-0.02,0.04
-1.2000e-07,-0.004,-0.004,0.02,0.04
-1.1960e-07,-0.004,-0.004,0.06,0.04
-1.1920e-07,-0.004,0.004,-0.02,0.04
-1.1880e-07,-0.012,-0.004,0.02,0
-1.1840e-07,-0.004,0.012,0.02,0
-1.1800e-07,0.004,-0.004,-0.02,0
-1.1760e-07,0.004,-0.004,-0.02,0
-1.1720e-07,-0.004,0.004,0.02,0.04
-1.1680e-07,0.004,0.004,0.02,0.04
-1.1640e-07,0.004,-0.004,0.02,0.04
-1.1600e-07,-0.004,0.004,0.02,0
-1.1560e-07,0.004,-0.004,0.02,0
-1.1520e-07,0.004,0.004,-0.02,0
-1.1480e-07,0.004,-0.004,-0.02,0.04
-1.1440e-07,0.004,0.004,-0.02,0.04
-1.1400e-07,-0.004,-0.004,-0.02,-0.04
-1.1360e-07,-0.004,-0.004,-0.02,0.04
-1.1320e-07,-0.004,0.004,-0.02,0.04
-1.1280e-07,0.004,0.004,-0.02,0.04
-1.1240e-07,0.004,-0.012,0.02,0
-1.1200e-07,0.004,-0.004,0.06,0
-1.1160e-07,-0.004,0.012,-0.02,-0.04
-1.1120e-07,-0.004,0.004,-0.02,0
-1.1080e-07,0.004,0.004,-0.02,0.04
-1.1040e-07,0.012,0.004,-0.02,0
-1.1000e-07,0.004,0.004,0.02,0
-1.0960e-07,-0.004,-0.004,0.02,0.04
-1.0920e-07,-0.004,0.004,0.02,0
-1.0880e-07,0.004,0.004,0.02,0
-1.0840e-07,-0.004,0.004,0.06,0.04
-1.0800e-07,-0.004,-0.004,-0.02,0.04
-1.0760e-07,-0.004,-0.004,0.02,0.04
-1.0720e-07,0.004,-0.004,-0.02,0
-1.0680e-07,-0.004,0.004,-0.06,-0.04
-1.0640e-07,0.012,0.004,0.02,0
-1.0600e-07,-0.004,0.004,0.02,0
-1.0560e-07,-0.004,-0.004,0.02,0.04
-1.0520e-07,0.004,-0.004,-0.02,0.04
-1.0480e-07,-0.004,0.004,-0.02,0.04
-1.0440e-07,-0.004,-0.004,-0.02,0
-1.0400e-07,-0.004,0.004,-0.02,0
-1.0360e-07,0.012,-0.004,-0.02,0.04
-1.0320e-07,-0.004,0.004,0.02,0.08
-1.0280e-07,-0.004,0.004,0.02,0
-1.0240e-07,-0.004,-0.004,-0.02,0
-1.0200e-07,0.004,0.004,0.02,0
-1.0160e-07,0.004,-0.004,0.02,0
-1.0120e-07,-0.012,-0.004,0.02,0
-1.0080e-07,-0.004,0.004,0.02,0.04
-1.0040e-07,0.004,-0.004,-0.02,0.04
-1.0000e-07,-0.004,0.004,-0.02,0.04
-9.9600e-08,0.004,0.004,0.02,-0.04
-9.9200e-08,0.004,0.004,0.02,0
-9.8800e-08,-0.004,-0.004,0.02,0
-9.8400e-08,0.004,-0.004,-0.02,0.04
-9.8000e-08,0.004,-0.004,0.02,0
-9.7600e-08,-0.004,-0.004,0.02,0
-9.7200e-08,0.004,0.004,0.02,0
-9.6800e-08,-0.012,0.004,-0.02,0
-9.6400e-08,0.004,0.004,0.02,0
-9.6000e-08,-0.012,-0.004,-0.02,0
-9.5600e-08,0.004,-0.004,-0.02,0.04
-9.5200e-08,-0.004,-0.004,0.02,0.04
-9.4800e-08,0.004,-0.004,-0.02,0
-9.4400e-08,-0.004,-0.004,0.02,0
-9.4000e-08,-0.004,-0.004,-0.02,0.04
-9.3600e-08,0.004,-0.004,0.02,0.04
-9.3200e-08,0.004,-0.004,-0.02,0
-9.2800e-08,-0.004,-0.004,0.02,0.04
-9.2400e-08,0.004,-0.004,-0.02,0.04
-9.2000e-08,0.004,0.004,0.02,0.04
-9.1600e-08,-0.004,-0.004,0.02,0.04
-9.1200e-08,-0.004,-0.004,0.02,0.04
-9.0800e-08,0.004,-0.004,0.02,0.04
-9.0400e-08,0.004,0.004,0.02,0
-9.0000e-08,-0.012,0.004,-0.02,0
-8.9600e-08,-0.012,0.004,-0.02,0
-8.9200e-08,-0.004,0.004,0.02,0.04
-8.8800e-08,-0.012,0.004,0.06,0
-8.8400e-08,-0.004,-0.004,0.02,0.04
-8.8000e-08,0.004,-0.004,-0.06,0.04
-8.7600e-08,0.004,0.004,-0.02,0
-8.7200e-08,0.004,-0.004,0.02,0.04
-8.6800e-08,-0.004,0.004,-0.02,0.04
-8.6400e-08,-0.004,0.004,0.02,0.04
-8.6000e-08,-0.004,0.004,0.02,0.04
-8.5600e-08,0.004,-0.004,0.06,0.04
-8.5200e-08,0.004,-0.004,-0.02,0.04
-8.4800e-08,-0.004,0.004,0.02,0.04
-8.4400e-08,0.004,-0.004,-0.02,0
-8.4000e-08,-0.004,-0.004,-0.02,0
-8.3600e-08,0.004,0.004,-0.02,0.04
-8.3200e-08,0.004,0.004,0.02,0
-8.2800e-08,-0.004,0.004,-0.02,0.04
-8.2400e-08,-0.004,0.004,-0.02,0
-8.2000e-08,0.004,0.004,-0.02,0
-8.1600e-08,0.004,0.012,-0.02,0.04
-8.1200e-08,-0.004,-0.004,0.02,0
-8.0800e-08,0.004,0.004,-0.02,0.04
-8.0400e-08,0.004,0.004,0.02,0.04
-8.0000e-08,0.004,-0.004,-0.02,0
-7.9600e-08,0.004,-0.004,0.02,0.04
-7.9200e-08,-0.004,0.004,0.02,0
-7.8800e-08,0.004,0.004,0.02,0
-7.8400e-08,-0.004,-0.004,0.06,0.04
-7.8000e-08,0.004,-0.004,0.02,0.04
-7.7600e-08,-0.004,0.004,0.02,0.08
-7.7200e-08,0.004,-0.004,0.02,0.08
-7.6800e-08,-0.004,-0.004,0.02,0
-7.6400e-08,-0.004,-0.004,0.02,0.04
-7.6000e-08,-0.004,-0.004,0.02,0.04
-7.5600e-08,-0.012,-0.004,-0.02,0
-7.5200e-08,-0.012,-0.012,0.02,0.08
-7.4800e-08,0.012,-0.012,0.02,0.04
-7.4400e-08,-0.004,-0.004,-0.02,0.08
-7.4000e-08,0.004,-0.004,-0.02,0.04
-7.3600e-08,0.004,-0.004,-0.02,0
-7.3200e-08,0.004,-0.004,-0.02,0
-7.2800e-08,0.004,-0.004,-0.02,0.04
-7.2400e-08,-0.004,0.004,0.02,0.04
-7.2000e-08,-0.004,0.004,0.02,0.08
-7.1600e-08,-0.004,0.004,0.02,0.04
-7.1200e-08,-0.004,-0.004,0.06,0.04
-7.0800e-08,-0.004,0.004,0.06,0
-7.0400e-08,0.012,0.004,-0.02,0
-7.0000e-08,-0.004,-0.004,0.02,0.04
-6.9600e-08,-0.004,-0.004,0.02,0.04
-6.9200e-08,0.004,-0.004,-0.02,0.04
-6.8800e-08,0.004,-0.004,0.02,0.04
-6.8400e-08,-0.004,-0.012,0.1,0
-6.8000e-08,0.004,0.004,0.02,0.04
-6.7600e-08,-0.004,0.004,-0.02,0.04
-6.7200e-08,0.004,0.004,0.02,0
-6.6800e-08,0.004,0.004,-0.02,0.04
-6.6400e-08,0.004,-0.004,0.02,0.04
-6.6000e-08,0.004,-0.004,0.02,0
-6.5600e-08,-0.004,0.004,0.02,0.04
-6.5200e-08,0.004,0.004,0.02,0
-6.4800e-08,-0.004,0.004,0.02,0
-6.4400e-08,0.012,0.004,-0.02,0.04
-6.4000e-08,-0.012,0.004,0.02,0.04
-6.3600e-08,0.004,0.004,0.02,0
-6.3200e-08,0.004,0.004,0.02,-0.04
-6.2800e-08,0.004,-0.004,-0.02,-0.04
-6.2400e-08,0.004,0.004,0.02,0
-6.2000e-08,0.012,0.004,0.02,0.04
-6.1600e-08,-0.004,0.004,0.02,0
-6.1200e-08,-0.004,0.004,0.02,0
-6.0800e-08,-0.004,-0.004,-0.02,0
-6.0400e-08,0.004,0.004,-0.02,0
-6.0000e-08,-0.004,0.004,-0.02,0
-5.9600e-08,-0.004,0.004,0.02,0
-5.9200e-08,-0.004,0.004,0.02,0
-5.8800e-08,-0.012,0.004,0.02,0.04
-5.8400e-08,-0.004,0.004,-0.02,0.04
-5.8000e-08,-0.012,0.004,0.02,0.04
-5.7600e-08,-0.004,-0.004,0.02,0
-5.7200e-08,-0.004,0.004,0.02,0
-5.6800e-08,-0.004,-0.012,-0.02,0.04
-5.6400e-08,-0.004,0.004,-0.02,0.04
-5.6000e-08,-0.004,0.004,0.02,0.08
-5.5600e-08,-0.004,0.004,0.02,0.04
-5.5200e-08,-0.004,0.004,-0.02,0
-5.4800e-08,0.004,0.004,0.06,0
-5.4400e-08,-0.004,0.004,0.02,0.04
-5.4000e-08,-0.004,0.004,0.02,0
-5.3600e-08,-0.004,-0.004,0.02,0.08
-5.3200e-08,0.004,-0.004,-0.02,0.04
-5.2800e-08,-0.004,0.004,0.06,0.04
-5.2400e-08,-0.004,0.004,0.06,0.04
-5.2000e-08,-0.004,-0.004,0.02,0.04
-5.1600e-08,0.004,0.004,0.06,0
-5.1200e-08,-0.004,0.004,0.02,0.04
-5.0800e-08,0.004,0.004,-0.02,0
-5.0400e-08,0.004,0.004,-0.02,0.04
-5.0000e-08,0.004,0.004,-0.02,0.04
-4.9600e-08,0.004,0.004,-0.02,0.04
-4.9200e-08,0.012,-0.004,-0.02,0.04
-4.8800e-08,0.004,-0.004,0.02,0
-4.8400e-08,0.004,0.004,0.02,0
-4.8000e-08,-0.004,0.004,0.02,0.04
-4.7600e-08,-0.004,0.004,-0.02,0.04
-4.7200e-08,-0.004,0.004,0.02,0
-4.6800e-08,0.004,0.004,0.02,0
-4.6400e-08,-0.004,-0.004,0.02,0.04
-4.6000e-08,-0.004,-0.004,-0.02,0
-4.5600e-08,-0.012,-0.004,0.02,0.04
-4.5200e-08,-0.004,-0.004,-0.02,0
-4.4800e-08,-0.004,-0.004,-0.06,0
-4.4400e-08,-0.004,-0.004,-0.02,0
-4.4000e-08,-0.004,0.004,-0.02,0.04
-4.3600e-08,-0.004,-0.004,-0.02,0
-4.3200e-08,-0.004,0.004,-0.02,0
-4.2800e-08,0.004,-0.004,-0.02,-0.04
-4.2400e-08,-0.004,0.004,0.02,-0.04
-4.2000e-08,-0.004,0.004,-0.02,0.04
-4.1600e-08,0.004,-0.012,-0.02,0
-4.1200e-08,-0.004,-0.004,0.02,0
-4.0800e-08,-0.004,-0.004,0.02,0.04
-4.0400e-08,-0.004,-0.004,-0.02,0.08
-4.0000e-08,-0.004,-0.004,0.06,0.04
-3.9600e-08,-0.004,-0.004,-0.02,0
-3.9200e-08,0.012,0.004,-0.02,0.08
-3.8800e-08,0.004,0.004,-0.02,0.04
-3.8400e-08,-0.004,0.004,-0.02,0.04
-3.8000e-08,0.004,-0.004,-0.02,0
-3.7600e-08,-0.004,-0.004,0.02,0.04
-3.7200e-08,-0.004,0.012,0.02,0.04
-3.6800e-08,-0.004,-0.004,0.02,0.04
-3.6400e-08,0.004,0.004,0.06,0
-3.6000e-08,-0.012,0.004,0.02,0.04
-3.5600e-08,-0.012,0.004,0.06,0.04
-3.5200e-08,0.004,-0.012,0.02,0.04
-3.4800e-08,0.004,0.004,0.02,0.04
-3.4400e-08,-0.004,-0.004,0.02,0
-3.4000e-08,0.004,-0.004,0.02,0.04
-3.3600e-08,-0.004,-0.004,0.02,0.04
-3.3200e-08,0.004,0.004,0.02,0.04
-3.2800e-08,-0.004,-0.004,0.02,0.04
-3.2400e-08,0.004,-0.004,-0.02,0
-3.2000e-08,-0.012,0.012,-0.02,0
-3.1600e-08,-0.004,-0.004,0.06,0
-3.1200e-08,0.012,-0.004,0.02,0.04
-3.0800e-08,0.004,-0.004,0.02,0
-3.0400e-08,0.004,0.004,0.02,0
-3.0000e-08,-0.004,-0.004,0.02,0
-2.9600e-08,0.004,-0.004,0.06,0
-2.9200e-08,0.004,0.004,0.02,0
-2.8800e-08,-0.004,0.004,0.06,0
-2.8400e-08,0.004,0.004,0.06,0
-2.8000e-08,-0.004,0.004,0.02,0
-2.7600e-08,0.004,0.004,-0.02,0
-2.7200e-08,-0.004,0.004,-0.02,0
-2.6800e-08,0.004,0.004,0.02,0.04
-2.6400e-08,-0.004,0.012,0.02,0
-2.6000e-08,-0.004,0.004,0.06,0
-2.5600e-08,0.004,-0.012,0.02,0.04
-2.5200e-08,-0.004,-0.004,-0.02,0.04
-2.4800e-08,0.004,0.004,0.02,0
-2.4400e-08,-0.004,0.004,0.02,0.04
-2.4000e-08,-0.004,0.004,-0.02,-0.04
-2.3600e-08,0.012,-0.004,-0.06,0
-2.3200e-08,-0.004,-0.004,-0.02,0
-2.2800e-08,-0.004,-0.004,0.06,0
-2.2400e-08,0.004,0.004,0.02,0
-2.2000e-08,-0.004,-0.004,-0.02,0
-2.1600e-08,0.004,-0.012,0.02,0.04
-2.1200e-08,-0.004,-0.004,-0.02,0.04
-2.0800e-08,-0.004,-0.004,-0.06,0
-2.0400e-08,-0.004,-0.004,-0.02,0
-2.0000e-08,-0.004,-0.004,0.02,0
-1.9600e-08,0.004,0.004,0.06,0.04
-1.9200e-08,-0.012,-0.004,-0.02,0.04
-1.8800e-08,0.004,-0.004,-0.02,0
-1.8400e-08,0.004,-0.004,-0.02,-0.04
-1.8000e-08,0.012,-0.004,0.02,0
-1.7600e-08,-0.004,0.004,0.02,0
-1.7200e-08,-0.012,-0.004,-0.02,0
-1.6800e-08,-0.004,-0.004,-0.02,-0.04
-1.6400e-08,-0.004,0.004,0.02,0.04
-1.6000e-08,-0.004,0.004,0.06,0.08
-1.5600e-08,-0.004,0.004,0.02,0.04
-1.5200e-08,-0.004,-0.004,0.02,0
-1.4800e-08,-0.004,-0.004,-0.02,0
-1.4400e-08,0.004,-0.004,0.02,0
-1.4000e-08,0.004,0.004,-0.02,-0.08
-1.3600e-08,-0.004,0.004,-0.06,-0.04
-1.3200e-08,-0.004,-0.004,-0.06,-0.08
-1.2800e-08,0.004,0.004,-0.1,-0.16
-1.2400e-08,0.004,-0.004,-0.1,-0.2
-1.2000e-08,0.004,-0.004,-0.18,-0.24
-1.1600e-08,-0.004,0.004,-0.26,-0.28
-1.1200e-08,-0.004,-0.004,-0.26,-0.4
-1.0800e-08,0.004,-0.004,-0.38,-0.4
-1.0400e-08,-0.012,0.004,-0.42,-0.52
-1.0000e-08,-0.004,0.004,-0.46,-0.52
-9.6000e-09,-0.004,0.004,-0.54,-0.64
-9.2000e-09,0.004,-0.004,-0.66,-0.68
-8.8000e-09,-0.004,-0.004,-0.7,-0.76
-8.4000e-09,0.004,0.004,-0.74,-0.84
-8.0000e-09,0.004,0.004,-0.82,-0.88
-7.6000e-09,-0.004,-0.004,-0.86,-0.92
-7.2000e-09,-0.004,0.004,-0.98,-1.04
-6.8000e-09,-0.004,0.004,-0.98,-1.04
-6.4000e-09,-0.004,-0.004,-1.06,-1.12
-6.0000e-09,-0.004,0.004,-1.14,-1.12
-5.6000e-09,-0.004,-0.004,-1.14,-1.2
-5.2000e-09,0.004,-0.004,-1.26,-1.28
-4.8000e-09,0.004,-0.004,-1.26,-1.36
-4.4000e-09,0.004,0.004,-1.3,-1.4
-4.0000e-09,0.004,0.004,-1.38,-1.48
-3.6000e-09,-0.012,-0.004,-1.46,-1.52
-3.2000e-09,-0.004,-0.004,-1.46,-1.56
-2.8000e-09,0.004,0.004,-1.54,-1.6
-2.4000e-09,0.004,0.004,-1.62,-1.64
-2.0000e-09,0.004,0.004,-1.66,-1.68
-1.6000e-09,0.004,0.004,-1.7,-1.76
-1.2000e-09,0.004,0.004,-1.7,-1.8
-8.0000e-10,-0.004,0.004,-1.82,-1.88
-4.0000e-10,0.004,-0.004,-1.82,-1.8
0.0000e+00,0.004,0.004,-1.9,-1.88
4.0000e-10,-0.004,-0.004,-1.94,-1.96
8.0000e-10,-0.004,0.004,-1.98,-1.96
1.2000e-09,-0.012,-0.004,-2.02,-2
1.6000e-09,-0.02,-0.012,-2.06,-2.04
2.0000e-09,-0.044,-0.028,-2.1,-2.08
2.4000e-09,-0.092,-0.044,-2.14,-2.12
2.8000e-09,-0.148,-0.1,-2.18,-2.12
3.2000e-09,-0.228,-0.156,-2.26,-2.2
3.6000e-09,-0.292,-0.228,-2.26,-2.2
4.0000e-09,-0.34,-0.268,-2.26,-2.24
4.4000e-09,-0.34,-0.284,-2.26,-2.32
4.8000e-09,-0.332,-0.276,-2.34,-2.32
5.2000e-09,-0.292,-0.252,-2.34,-2.32
5.6000e-09,-0.252,-0.212,-2.34,-2.36
6.0000e-09,-0.212,-0.188,-2.42,-2.4
6.4000e-09,-0.172,-0.156,-2.38,-2.44
6.8000e-09,-0.132,-0.132,-2.46,-2.44
7.2000e-09,-0.124,-0.116,-2.46,-2.44
7.6000e-09,-0.124,-0.1,-2.54,-2.44
8.0000e-09,-0.1,-0.092,-2.54,-2.44
8.4000e-09,-0.084,-0.084,-2.58,-2.52
8.8000e-09,-0.084,-0.068,-2.54,-2.52
9.2000e-09,-0.076,-0.06,-2.54,-2.56
9.6000e-09,-0.068,-0.052,-2.58,-2.6
1.0000e-08,-0.084,-0.06,-2.58,-2.6
1.0400e-08,-0.076,-0.052,-2.62,-2.56
1.0800e-08,-0.092,-0.052,-2.62,-2.6
1.1200e-08,-0.1,-0.06,-2.66,-2.6
1.1600e-08,-0.108,-0.068,-2.66,-2.6
1.2000e-08,-0.108,-0.068,-2.66,-2.6
1.2400e-08,-0.108,-0.076,-2.66,-2.6
1.2800e-08,-0.1,-0.076,-2.7,-2.64
1.3200e-08,-0.1,-0.076,-2.66,-2.64
1.3600e-08,-0.084,-0.084,-2.74,-2.64
1.4000e-08,-0.092,-0.084,-2.66,-2.68
1.4400e-08,-0.084,-0.092,-2.66,-2.64
1.4800e-08,-0.076,-0.1,-2.66,-2.64
1.5200e-08,-0.06,-0.1,-2.7,-2.68
1.5600e-08,-0.06,-0.092,-2.7,-2.64
1.6000e-08,-0.052,-0.084,-2.74,-2.6
1.6400e-08,-0.036,-0.068,-2.7,-2.6
1.6800e-08,-0.036,-0.06,-2.74,-2.68
1.7200e-08,-0.036,-0.052,-2.74,-2.68
1.7600e-08,-0.028,-0.044,-2.74,-2.68
1.8000e-08,-0.028,-0.036,-2.74,-2.72
1.8400e-08,-0.036,-0.028,-2.78,-2.68
1.8800e-08,-0.052,-0.036,-2.74,-2.68
1.9200e-08,-0.068,-0.036,-2.74,-2.68
1.9600e-08,-0.076,-0.028,-2.74,-2.64
2.0000e-08,-0.076,-0.028,-2.74,-2.68
2.0400e-08,-0.092,-0.036,-2.7,-2.68
2.0800e-08,-0.092,-0.036,-2.74,-2.72
2.1200e-08,-0.084,-0.044,-2.74,-2.72
2.1600e-08,-0.084,-0.036,-2.74,-2.72
2.2000e-08,-0.084,-0.036,-2.74,-2.72
2.2400e-08,-0.068,-0.028,-2.74,-2.68
2.2800e-08,-0.068,-0.036,-2.78,-2.64
2.3200e-08,-0.076,-0.036,-2.78,-2.68
2.3600e-08,-0.06,-0.036,-2.74,-2.68
2.4000e-08,-0.052,-0.036,-2.74,-2.68
2.4400e-08,-0.052,-0.036,-2.7,-2.72
2.4800e-08,-0.06,-0.036,-2.7,-2.68
2.5200e-08,-0.044,-0.036,-2.7,-2.72
2.5600e-08,-0.044,-0.036,-2.7,-2.68
2.6000e-08,-0.044,-0.036,-2.74,-2.72
2.6400e-08,-0.044,-0.036,-2.7,-2.68
2.6800e-08,-0.028,-0.036,-2.66,-2.68
2.7200e-08,-0.036,-0.036,-2.7,-2.6
2.7600e-08,-0.028,-0.02,-2.66,-2.68
2.8000e-08,-0.028,-0.028,-2.66,-2.64
2.8400e-08,-0.028,-0.02,-2.62,-2.64
2.8800e-08,-0.028,-0.02,-2.7,-2.68
2.9200e-08,-0.028,-0.02,-2.62,-2.64
2.9600e-08,-0.036,-0.02,-2.62,-2.6
3.0000e-08,-0.036,-0.012,-2.66,-2.64
3.0400e-08,-0.044,-0.012,-2.62,-2.64
3.0800e-08,-0.052,-0.012,-2.58,-2.56
3.1200e-08,-0.036,-0.02,-2.58,-2.64
3.1600e-08,-0.028,-0.028,-2.62,-2.64
3.2000e-08,-0.028,-0.036,-2.58,-2.68
3.2400e-08,-0.028,-0.036,-2.54,-2.6
3.2800e-08,-0.028,-0.036,-2.5,-2.6
3.3200e-08,-0.02,-0.036,-2.46,-2.64
3.3600e-08,-0.028,-0.036,-2.42,-2.6
3.4000e-08,-0.02,-0.036,-2.34,-2.6
3.4400e-08,-0.028,-0.036,-2.34,-2.64
3.4800e-08,-0.028,-0.028,-2.34,-2.6
3.5200e-08,-0.028,-0.028,-2.3,-2.6
3.5600e-08,-0.028,-0.036,-2.26,-2.6
3.6000e-08,-0.028,-0.028,-2.3,-2.56
3.6400e-08,-0.028,-0.028,-2.3,-2.56
3.6800e-08,-0.028,-0.02,-2.22,-2.52
3.7200e-08,-0.028,-0.012,-2.22,-2.52
3.7600e-08,-0.028,-0.02,-2.22,-2.44
3.8000e-08,-0.036,-0.012,-2.18,-2.36
3.8400e-08,-0.028,-0.012,-2.14,-2.36
3.8800e-08,-0.036,-0.012,-2.18,-2.36
3.9200e-08,-0.036,-0.004,-2.14,-2.36
3.9600e-08,-0.028,-0.004,-2.14,-2.32
4.0000e-08,-0.028,-0.004,-2.1,-2.28
4.0400e-08,-0.028,-0.004,-2.06,-2.28
4.0800e-08,-0.02,-0.004,-2.06,-2.2
4.1200e-08,-0.028,-0.004,-2.06,-2.16
4.1600e-08,-0.02,-0.012,-2.06,-2.08
4.2000e-08,-0.012,-0.028,-1.98,-2.08
4.2400e-08,-0.012,-0.012,-1.98,-2.08
4.2800e-08,-0.012,-0.012,-1.94,-2.04
4.3200e-08,-0.02,-0.012,-1.98,-2.04
4.3600e-08,-0.02,-0.02,-1.94,-2
4.4000e-08,-0.036,-0.012,-1.94,-1.96
4.4400e-08,-0.028,-0.012,-1.9,-1.96
4.4800e-08,-0.028,-0.004,-1.82,-2
4.5200e-08,-0.028,-0.012,-1.86,-1.96
4.5600e-08,-0.036,-0.012,-1.82,-1.92
4.6000e-08,-0.028,-0.012,-1.86,-1.92
4.6400e-08,-0.036,-0.02,-1.78,-1.96
4.6800e-08,-0.028,-0.02,-1.78,-1.92
4.7200e-08,-0.02,-0.02,-1.74,-1.84
4.7600e-08,-0.028,-0.02,-1.78,-1.84
4.8000e-08,-0.012,-0.028,-1.78,-1.84
4.8400e-08,-0.012,-0.028,-1.74,-1.8
4.8800e-08,-0.012,-0.012,-1.7,-1.76
4.9200e-08,-0.02,-0.012,-1.66,-1.8
4.9600e-08,-0.012,-0.02,-1.66,-1.76
5.0000e-08,-0.012,-0.012,-1.7,-1.76
5.0400e-08,-0.012,-0.012,-1.66,-1.76
5.0800e-08,-0.02,-0.012,-1.7,-1.72
5.1200e-08,-0.012,-0.02,-1.62,-1.68
5.1600e-08,-0.012,-0.012,-1.62,-1.68
5.2000e-08,-0.012,-0.02,-1.62,-1.64
5.2400e-08,-0.012,-0.028,-1.58,-1.6
5.2800e-08,-0.004,-0.02,-1.58,-1.6
5.3200e-08,-0.012,-0.028,-1.54,-1.6
5.3600e-08,-0.02,-0.028,-1.54,-1.6
5.4000e-08,-0.012,-0.02,-1.54,-1.6
5.4400e-08,-0.012,-0.028,-1.5,-1.6
5.4800e-08,-0.012,-0.036,-1.54,-1.56
5.5200e-08,-0.012,-0.036,-1.5,-1.52
5.5600e-08,-0.012,-0.036,-1.46,-1.52
5.6000e-08,-0.012,-0.036,-1.42,-1.52
5.6400e-08,-0.02,-0.036,-1.42,-1.52
5.6800e-08,-0.02,-0.036,-1.46,-1.48
5.7200e-08,-0.028,-0.036,-1.38,-1.48
5.7600e-08,-0.028,-0.036,-1.38,-1.44
5.8000e-08,-0.028,-0.028,-1.38,-1.44
5.8400e-08,-0.02,-0.012,-1.38,-1.44
5.8800e-08,-0.028,-0.012,-1.38,-1.44
5.9200e-08,-0.028,-0.012,-1.34,-1.44
5.9600e-08,-0.02,-0.012,-1.34,-1.44
6.0000e-08,-0.02,-0.004,-1.3,-1.36
6.0400e-08,-0.02,-0.012,-1.34,-1.36
6.0800e-08,-0.02,-0.012,-1.34,-1.4
6.1200e-08,-0.02,-0.012,-1.26,-1.32
6.1600e-08,-0.028,-0.004,-1.26,-1.36
6.2000e-08,-0.028,-0.012,-1.26,-1.28
6.2400e-08,-0.028,-0.012,-1.26,-1.28
6.2800e-08,-0.028,-0.004,-1.22,-1.28
6.3200e-08,-0.02,-0.012,-1.22,-1.28
6.3600e-08,-0.02,-0.012,-1.26,-1.28
6.4000e-08,-0.012,-0.02,-1.26,-1.24
6.4400e-08,-0.012,-0.028,-1.22,-1.28
6.4800e-08,-0.012,-0.02,-1.22,-1.2
6.5200e-08,-0.012,-0.028,-1.18,-1.24
6.5600e-08,-0.02,-0.028,-1.14,-1.16
6.6000e-08,-0.02,-0.028,-1.18,-1.24
6.6400e-08,-0.02,-0.02,-1.14,-1.24
6.6800e-08,-0.02,-0.012,-1.14,-1.16
6.7200e-08,-0.012,-0.012,-1.18,-1.16
6.7600e-08,-0.02,-0.012,-1.1,-1.16
6.8000e-08,-0.012,-0.02,-1.14,-1.12
6.8400e-08,-0.02,-0.012,-1.14,-1.12
6.8800e-08,-0.004,-0.004,-1.1,-1.12
6.9200e-08,-0.004,-0.012,-1.1,-1.08
6.9600e-08,-0.012,-0.004,-1.1,-1.08
7.0000e-08,-0.012,-0.004,-1.06,-1.08
7.0400e-08,-0.012,-0.004,-1.1,-1.08
7.0800e-08,-0.012,-0.004,-1.06,-1.08
7.1200e-08,-0.012,-0.012,-1.06,-1.08
7.1600e-08,-0.02,-0.004,-1.02,-1.04
7.2000e-08,-0.02,-0.012,-1.06,-1.04
7.2400e-08,-0.028,-0.012,-1.06,-1.04
7.2800e-08,-0.044,-0.012,-0.98,-1.04
7.3200e-08,-0.044,-0.004,-1.06,-1.04
7.3600e-08,-0.044,-0.012,-1.02,-1.04
7.4000e-08,-0.036,-0.012,-0.98,-0.96
7.4400e-08,-0.028,-0.004,-0.98,-1
7.4800e-08,-0.028,-0.012,-0.98,-1
7.5200e-08,-0.028,0.004,-0.98,-1.04
7.5600e-08,-0.028,-0.012,-0.94,-1.04
7.6000e-08,-0.028,-0.004,-0.94,-1.04
7.6400e-08,-0.02,-0.012,-0.94,-1
7.6800e-08,-0.028,-0.004,-0.9,-1.04
7.7200e-08,-0.02,0.004,-0.9,-0.96
7.7600e-08,-0.036,0.004,-0.9,-1.04
7.8000e-08,-0.02,-0.004,-0.9,-1
7.8400e-08,-0.02,-0.004,-0.9,-0.96
7.8800e-08,-0.012,-0.004,-0.9,-0.96
7.9200e-08,-0.02,0.004,-0.9,-1
7.9600e-08,-0.02,-0.004,-0.86,-1
8.0000e-08,-0.012,-0.004,-0.9,-1
8.0400e-08,-0.02,-0.012,-0.9,-0.96
8.0800e-08,-0.012,-0.012,-0.9,-0.96
8.1200e-08,-0.012,-0.004,-0.82,-0.96
8.1600e-08,-0.004,-0.004,-0.82,-0.92
8.2000e-08,-0.004,-0.004,-0.82,-0.92
8.2400e-08,-0.012,-0.004,-0.82,-0.92
8.2800e-08,-0.004,-0.004,-0.78,-0.92
8.3200e-08,-0.012,-0.004,-0.78,-0.92
8.3600e-08,-0.004,0.004,-0.78,-0.92
8.4000e-08,-0.004,-0.012,-0.82,-0.92
8.4400e-08,-0.012,0.004,-0.82,-0.96
8.4800e-08,-0.004,-0.004,-0.82,-0.96
8.5200e-08,-0.012,-0.004,-0.78,-0.92
8.5600e-08,-0.012,-0.004,-0.78,-0.92
8.6000e-08,-0.004,-0.004,-0.78,-0.84
8.6400e-08,-0.012,-0.004,-0.74,-0.88
8.6800e-08,-0.012,-0.004,-0.78,-0.92
8.7200e-08,-0.004,0.004,-0.78,-0.84
8.7600e-08,-0.012,-0.004,-0.74,-0.84
8.8000e-08,-0.004,-0.004,-0.74,-0.84
8.8400e-08,-0.004,-0.004,-0.74,-0.84
8.8800e-08,-0.004,-0.004,-0.66,-0.84
8.9200e-08,-0.004,-0.012,-0.7,-0.84
8.9600e-08,-0.004,-0.02,-0.7,-0.84
9.0000e-08,-0.004,-0.02,-0.66,-0.88
9.0400e-08,-0.004,-0.028,-0.7,-0.84
9.0800e-08,-0.004,-0.028,-0.7,-0.84
9.1200e-08,-0.004,-0.036,-0.66,-0.84
9.1600e-08,-0.004,-0.036,-0.7,-0.8
9.2000e-08,-0.012,-0.036,-0.66,-0.8
9.2400e-08,-0.004,-0.036,-0.66,-0.8
9.2800e-08,-0.004,-0.044,-0.62,-0.76
9.3200e-08,-0.004,-0.052,-0.7,-0.76
9.3600e-08,0.004,-0.036,-0.7,-0.76
9.4000e-08,-0.004,-0.036,-0.66,-0.72
9.4400e-08,-0.004,-0.028,-0.66,-0.76
9.4800e-08,-0.012,-0.02,-0.62,-0.72
9.5200e-08,-0.012,-0.028,-0.62,-0.72
9.5600e-08,-0.02,-0.02,-0.62,-0.76
9.6000e-08,-0.028,-0.028,-0.62,-0.76
9.6400e-08,-0.028,-0.028,-0.62,-0.76
9.6800e-08,-0.028,-0.02,-0.66,-0.72
9.7200e-08,-0.036,-0.028,-0.62,-0.72
9.7600e-08,-0.028,-0.02,-0.54,-0.68
9.8000e-08,-0.028,-0.02,-0.54,-0.72
9.8400e-08,-0.028,-0.012,-0.54,-0.72
9.8800e-08,-0.02,-0.012,-0.54,-0.76
9.9200e-08,-0.02,-0.02,-0.54,-0.68
9.9600e-08,-0.012,-0.004,-0.54,-0.68
1.0000e-07,-0.012,-0.012,-0.54,-0.68
1.0040e-07,-0.012,-0.004,-0.5,-0.68
1.0080e-07,-0.012,-0.004,-0.58,-0.72
1.0120e-07,-0.012,-0.012,-0.58,-0.68
1.0160e-07,-0.012,-0.012,-0.5,-0.68
1.0200e-07,-0.012,-0.012,-0.54,-0.72
1.0240e-07,-0.012,-0.02,-0.5,-0.64
1.0280e-07,-0.012,-0.02,-0.54,-0.68
1.0320e-07,-0.004,-0.028,-0.54,-0.64
1.0360e-07,-0.004,-0.028,-0.58,-0.64
1.0400e-07,-0.004,-0.028,-0.5,-0.6
1.0440e-07,-0.012,-0.028,-0.5,-0.64
1.0480e-07,-0.004,-0.028,-0.5,-0.6
1.0520e-07,-0.004,-0.036,-0.46,-0.6
1.0560e-07,-0.004,-0.044,-0.5,-0.56
1.0600e-07,-0.004,-0.044,-0.5,-0.6
1.0640e-07,0.004,-0.036,-0.54,-0.6
1.0680e-07,-0.004,-0.036,-0.5,-0.6
1.0720e-07,0.004,-0.044,-0.5,-0.6
1.0760e-07,-0.004,-0.036,-0.46,-0.6
1.0800e-07,-0.004,-0.028,-0.5,-0.56
1.0840e-07,-0.004,-0.02,-0.42,-0.56
1.0880e-07,0.004,-0.012,-0.5,-0.56
1.0920e-07,-0.004,-0.012,-0.46,-0.52
1.0960e-07,-0.004,-0.028,-0.5,-0.6
1.1000e-07,0.004,-0.012,-0.46,-0.52
1.1040e-07,-0.004,-0.02,-0.46,-0.52
1.1080e-07,-0.012,-0.012,-0.46,-0.52
1.1120e-07,-0.004,-0.012,-0.54,-0.56
1.1160e-07,-0.004,-0.012,-0.42,-0.52
1.1200e-07,-0.004,-0.012,-0.46,-0.52
1.1240e-07,-0.012,-0.02,-0.46,-0.56
1.1280e-07,-0.012,-0.012,-0.46,-0.56
1.1320e-07,-0.02,-0.012,-0.46,-0.52
1.1360e-07,-0.012,0.004,-0.46,-0.56
1.1400e-07,-0.012,0.004,-0.42,-0.48
1.1440e-07,-0.028,-0.004,-0.46,-0.52
1.1480e-07,-0.02,-0.012,-0.38,-0.52
1.1520e-07,-0.012,-0.004,-0.46,-0.52
1.1560e-07,-0.012,-0.004,-0.42,-0.48
1.1600e-07,-0.012,-0.004,-0.42,-0.48
1.1640e-07,-0.02,-0.004,-0.42,-0.52
1.1680e-07,-0.02,-0.012,-0.42,-0.48
1.1720e-07,-0.02,-0.004,-0.42,-0.48
1.1760e-07,-0.028,-0.012,-0.38,-0.44
1.1800e-07,-0.036,-0.004,-0.42,-0.48
1.1840e-07,-0.036,-0.012,-0.38,-0.44
1.1880e-07,-0.028,-0.004,-0.42,-0.48
1.1920e-07,-0.028,-0.004,-0.38,-0.44
1.1960e-07,-0.02,0.004,-0.42,-0.44
1.2000e-07,-0.02,-0.004,-0.42,-0.44
1.2040e-07,-0.02,-0.004,-0.42,-0.44
1.2080e-07,-0.02,-0.004,-0.38,-0.44
1.2120e-07,-0.028,-0.012,-0.34,-0.44
1.2160e-07,-0.028,-0.012,-0.34,-0.44
1.2200e-07,-0.028,-0.004,-0.42,-0.44
1.2240e-07,-0.02,-0.012,-0.34,-0.44
1.2280e-07,-0.028,-0.012,-0.38,-0.48
1.2320e-07,-0.028,-0.02,-0.38,-0.44
1.2360e-07,-0.02,-0.012,-0.34,-0.48
1.2400e-07,-0.02,-0.012,-0.34,-0.44
1.2440e-07,-0.004,-0.012,-0.34,-0.44
1.2480e-07,-0.012,-0.012,-0.3,-0.4
1.2520e-07,-0.012,-0.012,-0.3,-0.44
1.2560e-07,-0.012,-0.004,-0.34,-0.36
1.2600e-07,-0.004,-0.004,-0.34,-0.4
1.2640e-07,-0.012,-0.012,-0.3,-0.4
1.2680e-07,0.004,-0.02,-0.34,-0.4
1.2720e-07,0.004,-0.028,-0.3,-0.36
1.2760e-07,-0.004,-0.012,-0.3,-0.36
1.2800e-07,-0.012,-0.028,-0.34,-0.4
1.2840e-07,0.004,-0.02,-0.3,-0.44
1.2880e-07,-0.004,-0.02,-0.3,-0.44
1.2920e-07,-0.004,-0.012,-0.26,-0.4
1.2960e-07,-0.004,-0.012,-0.26,-0.36
1.3000e-07,0.004,-0.004,-0.3,-0.36
1.3040e-07,-0.004,-0.012,-0.34,-0.4
1.3080e-07,-0.004,-0.004,-0.34,-0.36
1.3120e-07,-0.004,-0.004,-0.34,-0.36
1.3160e-07,-0.02,-0.004,-0.3,-0.4
1.3200e-07,-0.02,-0.004,-0.3,-0.36
1.3240e-07,-0.012,-0.012,-0.34,-0.32
1.3280e-07,-0.004,-0.012,-0.3,-0.36
1.3320e-07,-0.004,-0.012,-0.26,-0.36
1.3360e-07,-0.004,-0.012,-0.26,-0.4
1.3400e-07,-0.004,-0.012,-0.26,-0.36
1.3440e-07,-0.004,-0.004,-0.22,-0.36
1.3480e-07,-0.004,-0.004,-0.3,-0.36
1.3520e-07,-0.004,-0.012,-0.3,-0.36
1.3560e-07,-0.004,-0.004,-0.26,-0.32
1.3600e-07,-0.012,-0.012,-0.22,-0.32
1.3640e-07,-0.012,-0.012,-0.26,-0.28
1.3680e-07,-0.004,-0.004,-0.3,-0.32
1.3720e-07,0.004,-0.004,-0.3,-0.32
1.3760e-07,-0.004,0.004,-0.3,-0.32
1.3800e-07,-0.004,-0.004,-0.26,-0.32
1.3840e-07,-0.004,-0.004,-0.26,-0.36
1.3880e-07,0.004,-0.004,-0.26,-0.32
1.3920e-07,-0.004,-0.004,-0.22,-0.32
1.3960e-07,-0.012,-0.012,-0.26,-0.32
1.4000e-07,-0.004,0.004,-0.22,-0.32
1.4040e-07,-0.004,-0.004,-0.22,-0.32
1.4080e-07,-0.004,0.004,-0.22,-0.32
1.4120e-07,-0.004,-0.004,-0.22,-0.28
1.4160e-07,-0.012,-0.004,-0.26,-0.28
1.4200e-07,-0.012,0.004,-0.18,-0.28
1.4240e-07,-0.004,-0.004,-0.22,-0.32
1.4280e-07,-0.004,-0.004,-0.22,-0.28
1.4320e-07,0.004,-0.004,-0.22,-0.28
1.4360e-07,-0.012,0.004,-0.18,-0.28
1.4400e-07,-0.004,0.004,-0.22,-0.28
1.4440e-07,-0.004,-0.004,-0.26,-0.28
1.4480e-07,-0.004,-0.004,-0.26,-0.24
1.4520e-07,-0.004,0.004,-0.22,-0.24
1.4560e-07,-0.004,-0.012,-0.22,-0.28
1.4600e-07,0.004,-0.004,-0.22,-0.32
1.4640e-07,-0.012,0.004,-0.22,-0.28
1.4680e-07,0.004,0.004,-0.18,-0.28
1.4720e-07,0.004,0.004,-0.22,-0.28
1.4760e-07,-0.004,0.004,-0.22,-0.28
1.4800e-07,-0.012,0.004,-0.18,-0.28
1.4840e-07,-0.004,-0.004,-0.18,-0.32
1.4880e-07,-0.004,-0.004,-0.22,-0.28
1.4920e-07,-0.004,-0.004,-0.22,-0.24
1.4960e-07,-0.004,0.004,-0.18,-0.28
1.5000e-07,0.004,0.004,-0.22,-0.24
1.5040e-07,-0.004,-0.004,-0.22,-0.24
1.5080e-07,-0.004,-0.004,-0.22,-0.24
1.5120e-07,-0.012,0.004,-0.26,-0.24
1.5160e-07,-0.012,-0.004,-0.26,-0.28
1.5200e-07,-0.012,-0.004,-0.26,-0.28
1.5240e-07,-0.004,0.004,-0.22,-0.2
1.5280e-07,-0.012,-0.004,-0.22,-0.24
1.5320e-07,-0.004,0.004,-0.22,-0.28
1.5360e-07,-0.012,-0.004,-0.22,-0.28
1.5400e-07,-0.004,-0.004,-0.22,-0.24
1.5440e-07,-0.012,-0.004,-0.22,-0.28
1.5480e-07,-0.004,-0.004,-0.26,-0.24
1.5520e-07,-0.012,0.004,-0.22,-0.28
1.5560e-07,-0.004,0.012,-0.26,-0.24
1.5600e-07,-0.004,0.004,-0.22,-0.2
1.5640e-07,-0.004,-0.004,-0.18,-0.24
1.5680e-07,-0.004,-0.004,-0.22,-0.24
1.5720e-07,0.004,-0.004,-0.18,-0.2
1.5760e-07,-0.004,0.004,-0.22,-0.24
1.5800e-07,0.004,-0.004,-0.22,-0.24
1.5840e-07,-0.004,-0.004,-0.22,-0.28
1.5880e-07,0.004,-0.012,-0.22,-0.24
1.5920e-07,0.004,-0.004,-0.18,-0.24
1.5960e-07,0.004,-0.004,-0.22,-0.28
1.6000e-07,0.004,-0.004,-0.18,-0.24
1.6040e-07,0.012,-0.012,-0.22,-0.2
1.6080e-07,-0.004,-0.004,-0.22,-0.2
1.6120e-07,0.004,-0.004,-0.22,-0.2
1.6160e-07,-0.004,-0.004,-0.18,-0.2
1.6200e-07,-0.004,0.004,-0.18,-0.2
1.6240e-07,-0.004,0.004,-0.22,-0.2
1.6280e-07,-0.004,-0.004,-0.18,-0.2
1.6320e-07,0.004,0.004,-0.22,-0.2
1.6360e-07,0.004,-0.012,-0.22,-0.2
1.6400e-07,-0.004,-0.004,-0.18,-0.2
1.6440e-07,0.004,-0.004,-0.14,-0.24
1.6480e-07,-0.004,-0.004,-0.18,-0.2
1.6520e-07,-0.004,-0.004,-0.18,-0.2
1.6560e-07,0.004,-0.004,-0.14,-0.2
1.6600e-07,-0.004,0.004,-0.18,-0.16
1.6640e-07,0.004,-0.004,-0.18,-0.16
1.6680e-07,-0.012,-0.004,-0.22,-0.16
1.6720e-07,0.004,0.004,-0.18,-0.16
1.6760e-07,0.004,-0.004,-0.18,-0.16
1.6800e-07,0.004,-0.004,-0.18,-0.2
1.6840e-07,-0.004,0.004,-0.18,-0.2
1.6880e-07,0.004,-0.004,-0.18,-0.16
1.6920e-07,-0.004,0.004,-0.22,-0.16
1.6960e-07,-0.004,-0.004,-0.18,-0.2
1.7000e-07,0.004,-0.004,-0.18,-0.16
1.7040e-07,-0.004,-0.012,-0.14,-0.16
1.7080e-07,-0.012,-0.012,-0.18,-0.16
1.7120e-07,-0.012,-0.012,-0.14,-0.12
1.7160e-07,-0.004,-0.012,-0.14,-0.2
1.7200e-07,-0.012,-0.012,-0.14,-0.16
1.7240e-07,-0.012,-0.004,-0.14,-0.16
1.7280e-07,-0.012,-0.012,-0.14,-0.2
1.7320e-07,-0.012,-0.004,-0.14,-0.16
1.7360e-07,-0.012,-0.004,-0.18,-0.16
1.7400e-07,-0.012,-0.004,-0.18,-0.16
1.7440e-07,-0.004,-0.004,-0.18,-0.16
1.7480e-07,-0.004,-0.012,-0.18,-0.16
1.7520e-07,-0.012,-0.02,-0.18,-0.16
1.7560e-07,-0.012,-0.012,-0.18,-0.16
1.7600e-07,-0.012,-0.012,-0.14,-0.16
1.7640e-07,-0.02,0.004,-0.14,-0.16
1.7680e-07,-0.02,-0.004,-0.14,-0.2
1.7720e-07,-0.012,-0.004,-0.14,-0.2
1.7760e-07,-0.02,0.004,-0.14,-0.16
1.7800e-07,-0.012,0.004,-0.14,-0.12
1.7840e-07,-0.004,0.004,-0.1,-0.16
1.7880e-07,-0.012,0.004,-0.18,-0.2
1.7920e-07,-0.004,0.004,-0.18,-0.2
1.7960e-07,-0.012,-0.004,-0.1,-0.16
1.8000e-07,-0.012,0.004,-0.18,-0.16
1.8040e-07,-0.004,-0.012,-0.18,-0.2
1.8080e-07,-0.004,-0.004,-0.18,-0.2
1.8120e-07,-0.004,-0.004,-0.14,-0.16
1.8160e-07,0.004,-0.004,-0.14,-0.12
1.8200e-07,-0.004,0.004,-0.14,-0.12
1.8240e-07,-0.004,0.004,-0.06,-0.2
1.8280e-07,0.004,0.004,-0.1,-0.16
1.8320e-07,-0.004,-0.004,-0.14,-0.12
1.8360e-07,-0.004,0.004,-0.14,-0.12
1.8400e-07,0.004,-0.004,-0.14,-0.16
1.8440e-07,0.004,-0.004,-0.14,-0.16
1.8480e-07,0.004,0.004,-0.14,-0.12
1.8520e-07,0.004,-0.004,-0.14,-0.12
1.8560e-07,-0.004,-0.004,-0.14,-0.16
1.8600e-07,-0.004,-0.004,-0.1,-0.12
1.8640e-07,0.004,-0.004,-0.14,-0.08
1.8680e-07,0.004,-0.004,-0.14,-0.12
1.8720e-07,-0.004,0.004,-0.14,-0.12
1.8760e-07,0.004,-0.004,-0.14,-0.08
1.8800e-07,-0.004,-0.004,-0.1,-0.12
1.8840e-07,0.004,-0.004,-0.1,-0.16
1.8880e-07,0.004,-0.004,-0.06,-0.16
1.8920e-07,0.004,-0.004,-0.06,-0.12
1.8960e-07,0.004,-0.004,-0.1,-0.16
1.9000e-07,0.004,-0.012,-0.1,-0.12
1.9040e-07,0.012,-0.012,-0.1,-0.12
1.9080e-07,0.004,-0.004,-0.1,-0.12
1.9120e-07,-0.004,0.004,-0.14,-0.08
1.9160e-07,-0.004,-0.004,-0.1,-0.16
1.9200e-07,0.004,-0.012,-0.06,-0.16
1.9240e-07,0.004,0.004,-0.14,-0.08
1.9280e-07,-0.004,-0.004,-0.14,-0.16
1.9320e-07,-0.004,-0.004,-0.14,-0.12
1.9360e-07,0.004,0.004,-0.14,-0.16
1.9400e-07,-0.012,-0.004,-0.14,-0.12
1.9440e-07,-0.012,-0.012,-0.14,-0.12
1.9480e-07,-0.012,0.004,-0.14,-0.12
1.9520e-07,-0.012,-0.004,-0.1,-0.12
1.9560e-07,-0.012,0.004,-0.14,-0.08
1.9600e-07,-0.02,0.004,-0.14,-0.08
1.9640e-07,-0.02,-0.004,-0.1,-0.16
1.9680e-07,-0.012,-0.012,-0.06,-0.12
1.9720e-07,-0.012,-0.02,-0.14,-0.12
1.9760e-07,-0.012,-0.02,-0.1,-0.08
1.9800e-07,-0.02,-0.012,-0.06,-0.12
1.9840e-07,-0.004,-0.012,-0.1,-0.12
1.9880e-07,-0.012,-0.004,-0.14,-0.12
1.9920e-07,-0.004,-0.012,-0.1,-0.16
1.9960e-07,-0.004,-0.004,-0.06,-0.12
2.0000e-07,0.004,-0.004,-0.06,-0.12
2.0040e-07,0.004,-0.004,-0.1,-0.12
2.0080e-07,-0.004,-0.012,-0.14,-0.08
2.0120e-07,-0.004,-0.012,-0.14,-0.08
2.0160e-07,-0.004,-0.012,-0.1,-0.12
2.0200e-07,-0.004,-0.004,-0.14,-0.12
2.0240e-07,-0.004,-0.012,-0.1,-0.12
2.0280e-07,-0.004,-0.004,-0.06,-0.08
2.0320e-07,0.004,-0.004,-0.06,-0.08
2.0360e-07,-0.004,-0.004,-0.1,-0.12
2.0400e-07,-0.004,-0.004,-0.06,-0.12
2.0440e-07,-0.004,-0.004,-0.14,-0.08
2.0480e-07,0.004,-0.012,-0.1,-0.08
2.0520e-07,-0.004,-0.02,-0.06,-0.08
2.0560e-07,0.004,-0.012,-0.1,-0.08
2.0600e-07,0.004,-0.012,-0.06,-0.12
2.0640e-07,-0.004,-0.012,-0.1,-0.12
2.0680e-07,0.004,-0.004,-0.1,-0.12
2.0720e-07,0.004,-0.004,-0.14,-0.08
2.0760e-07,-0.004,-0.004,-0.1,-0.08
2.0800e-07,0.004,-0.012,-0.1,-0.08
2.0840e-07,0.012,-0.004,-0.1,-0.08
2.0880e-07,0.004,-0.004,-0.06,-0.04
2.0920e-07,-0.004,-0.012,-0.1,-0.08
2.0960e-07,-0.004,-0.004,-0.1,-0.04
2.1000e-07,-0.004,-0.004,-0.1,-0.08
2.1040e-07,-0.004,-0.004,-0.1,-0.12
2.1080e-07,0.004,-0.004,-0.14,-0.08
2.1120e-07,-0.004,-0.004,-0.1,-0.08
2.1160e-07,-0.004,0.004,-0.1,-0.08
2.1200e-07,0.004,-0.004,-0.06,-0.08
2.1240e-07,0.004,-0.004,-0.1,-0.08
2.1280e-07,0.004,-0.004,-0.1,-0.08
2.1320e-07,-0.004,-0.004,-0.1,-0.08
2.1360e-07,-0.012,-0.012,-0.14,-0.08
2.1400e-07,-0.004,-0.004,-0.1,-0.08
2.1440e-07,-0.012,0.012,-0.1,-0.08
2.1480e-07,-0.004,-0.012,-0.1,-0.08
2.1520e-07,-0.004,0.004,-0.1,-0.08
2.1560e-07,0.004,-0.004,-0.1,-0.08
2.1600e-07,-0.012,-0.004,-0.06,-0.08
2.1640e-07,-0.004,-0.004,-0.1,-0.08
2.1680e-07,-0.012,-0.004,-0.14,-0.12
2.1720e-07,-0.012,-0.004,-0.06,-0.08
2.1760e-07,-0.012,0.004,-0.1,-0.08
2.1800e-07,-0.012,-0.004,-0.06,-0.08
2.1840e-07,-0.012,-0.004,-0.06,-0.08
2.1880e-07,-0.012,0.004,-0.1,-0.08
2.1920e-07,-0.004,-0.004,-0.1,-0.08
2.1960e-07,-0.004,-0.012,-0.06,-0.04
2.2000e-07,-0.004,-0.004,-0.1,-0.04
2.2040e-07,-0.004,0.004,-0.1,-0.08
2.2080e-07,-0.004,-0.012,-0.1,-0.04
2.2120e-07,-0.004,-0.004,-0.1,-0.08
2.2160e-07,-0.004,-0.012,-0.06,-0.08
2.2200e-07,-0.004,-0.004,-0.06,-0.04
2.2240e-07,-0.004,-0.012,-0.1,-0.04
2.2280e-07,-0.004,-0.02,-0.1,-0.04
2.2320e-07,-0.004,-0.028,-0.1,-0.08
2.2360e-07,-0.004,-0.02,-0.06,-0.04
2.2400e-07,-0.004,-0.012,-0.1,-0.04
2.2440e-07,0.004,-0.012,-0.1,-0.04
2.2480e-07,-0.004,-0.012,-0.06,-0.04
2.2520e-07,-0.004,-0.02,-0.1,-0.04
2.2560e-07,0.004,-0.012,-0.02,-0.08
2.2600e-07,0.004,-0.02,-0.06,-0.04
2.2640e-07,-0.004,-0.004,-0.06,-0.04
2.2680e-07,-0.012,-0.004,-0.14,0
2.2720e-07,-0.004,-0.012,-0.1,0
2.2760e-07,0.012,-0.004,-0.06,-0.04
2.2800e-07,0.004,-0.004,-0.1,-0.04
2.2840e-07,-0.004,-0.004,-0.06,0
2.2880e-07,-0.004,-0.004,-0.06,0
2.2920e-07,-0.004,0.004,-0.06,-0.04
2.2960e-07,-0.004,-0.004,-0.06,-0.04
2.3000e-07,-0.004,0.004,-0.06,-0.04
2.3040e-07,-0.004,0.004,-0.06,-0.04
2.3080e-07,-0.004,0.004,-0.06,-0.08
2.3120e-07,-0.012,-0.004,-0.06,-0.04
2.3160e-07,-0.012,0.004,-0.02,-0.04
2.3200e-07,-0.012,-0.012,-0.06,0
2.3240e-07,-0.02,-0.004,-0.06,-0.04
2.3280e-07,-0.012,-0.004,-0.1,-0.04
2.3320e-07,-0.012,-0.004,-0.06,-0.04
2.3360e-07,-0.02,-0.004,-0.06,-0.04
2.3400e-07,-0.02,0.004,-0.06,-0.04
2.3440e-07,-0.012,0.004,-0.06,0
2.3480e-07,-0.012,-0.004,-0.06,-0.04
2.3520e-07,0.004,-0.004,-0.02,0
2.3560e-07,0.004,-0.004,-0.02,-0.04
2.3600e-07,-0.004,-0.004,-0.02,-0.04
2.3640e-07,-0.004,-0.004,-0.02,-0.08
2.3680e-07,-0.004,-0.004,-0.06,-0.08
2.3720e-07,0.004,-0.004,-0.06,0
2.3760e-07,0.004,-0.004,-0.02,-0.04
2.3800e-07,0.004,0.004,-0.02,-0.04
2.3840e-07,-0.004,-0.004,-0.02,-0.08
2.3880e-07,0.012,0.004,-0.06,0
2.3920e-07,-0.004,-0.004,-0.06,-0.08
2.3960e-07,-0.004,-0.004,-0.02,-0.04
2.4000e-07,-0.004,0.004,-0.02,0
2.4040e-07,-0.004,-0.004,-0.02,0
2.4080e-07,-0.012,-0.004,-0.02,-0.08
2.4120e-07,-0.004,0.004,-0.06,-0.08
2.4160e-07,-0.004,-0.012,-0.02,-0.04
2.4200e-07,-0.004,-0.004,-0.06,-0.04
2.4240e-07,0.012,-0.004,-0.02,0
2.4280e-07,-0.004,-0.004,-0.06,-0.04
2.4320e-07,-0.012,0.004,-0.06,-0.04
2.4360e-07,0.004,-0.004,-0.02,-0.04
2.4400e-07,0.004,-0.004,-0.1,-0.04
2.4440e-07,0.004,-0.004,-0.06,-0.04
2.4480e-07,-0.012,0.004,-0.02,-0.04
2.4520e-07,-0.004,-0.004,-0.06,-0.04
2.4560e-07,0.004,-0.012,-0.06,-0.04
2.4600e-07,-0.004,0.004,-0.06,0
2.4640e-07,0.004,-0.004,-0.06,-0.04
2.4680e-07,-0.004,-0.004,-0.02,-0.04
2.4720e-07,-0.004,0.004,-0.06,0
2.4760e-07,0.004,-0.004,-0.02,-0.04
2.4800e-07,-0.004,-0.004,-0.06,-0.04
2.4840e-07,0.004,0.004,-0.06,-0.04
2.4880e-07,0.004,0.004,-0.06,-0.04
2.4920e-07,-0.004,0.004,-0.06,-0.08
2.4960e-07,-0.012,0.004,-0.02,-0.08
2.5000e-07,-0.004,0.004,-0.02,-0.04
2.5040e-07,0.004,-0.004,-0.06,-0.08
2.5080e-07,0.004,0.004,-0.02,0
2.5120e-07,0.004,-0.012,-0.02,-0.04
2.5160e-07,-0.004,0.004,-0.02,-0.04
2.5200e-07,-0.004,-0.012,-0.02,-0.04
2.5240e-07,0.004,0.004,-0.02,-0.04
2.5280e-07,0.004,-0.004,-0.06,-0.04
2.5320e-07,0.004,0.004,-0.02,0
2.5360e-07,0.004,0.004,-0.02,-0.04
2.5400e-07,0.004,0.004,-0.02,-0.04
2.5440e-07,-0.004,-0.004,-0.02,-0.04
2.5480e-07,-0.004,-0.004,-0.02,-0.04
2.5520e-07,-0.004,0.004,-0.06,-0.04
2.5560e-07,0.004,0.004,-0.02,-0.04
2.5600e-07,0.004,-0.004,-0.02,-0.04
2.5640e-07,0.004,-0.004,0.02,-0.04
2.5680e-07,0.004,-0.004,-0.02,-0.04
2.5720e-07,0.004,0.004,-0.06,-0.04
2.5760e-07,0.012,-0.004,-0.02,-0.04
2.5800e-07,0.012,0.004,-0.1,-0.08
2.5840e-07,-0.004,0.004,-0.02,-0.08
2.5880e-07,-0.004,0.004,0.02,-0.04
2.5920e-07,-0.004,-0.004,-0.06,-0.04
2.5960e-07,-0.012,0.004,0.02,-0.04
2.6000e-07,0.004,-0.004,-0.02,-0.04
2.6040e-07,-0.004,-0.004,-0.02,-0.04
2.6080e-07,-0.012,-0.004,-0.06,0
2.6120e-07,-0.012,0.004,-0.02,-0.04
2.6160e-07,-0.012,-0.004,-0.02,-0.04
2.6200e-07,-0.012,0.004,-0.02,-0.08
2.6240e-07,-0.012,-0.004,-0.06,-0.12
2.6280e-07,-0.012,-0.012,0.02,-0.04
2.6320e-07,-0.012,-0.004,-0.02,-0.04
2.6360e-07,-0.012,-0.02,-0.02,-0.04
2.6400e-07,-0.004,-0.012,-0.02,0
2.6440e-07,-0.012,-0.02,-0.02,0
2.6480e-07,-0.012,-0.02,-0.02,0
2.6520e-07,-0.012,-0.02,-0.02,-0.08
2.6560e-07,0.004,-0.012,-0.02,-0.04
2.6600e-07,-0.012,-0.012,-0.02,-0.08
2.6640e-07,-0.004,-0.012,-0.02,0
2.6680e-07,-0.004,-0.004,-0.06,-0.04
2.6720e-07,-0.004,-0.004,-0.02,-0.04
2.6760e-07,-0.004,-0.004,-0.02,-0.04
2.6800e-07,-0.004,-0.004,-0.02,-0.04
2.6840e-07,-0.004,-0.004,-0.02,-0.04
2.6880e-07,0.004,-0.004,-0.02,0
2.6920e-07,-0.012,0.004,0.02,-0.04
2.6960e-07,-0.004,0.004,-0.02,0
2.7000e-07,0.004,0.004,-0.06,0
2.7040e-07,0.004,-0.004,-0.02,0
2.7080e-07,0.012,-0.004,-0.02,0
2.7120e-07,-0.004,0.004,0.02,0
2.7160e-07,0.004,0.004,-0.02,0
2.7200e-07,0.004,-0.012,-0.02,0
2.7240e-07,0.004,-0.004,-0.02,0
2.7280e-07,0.004,-0.004,-0.06,0
2.7320e-07,0.004,0.004,-0.02,0.04
2.7360e-07,-0.004,0.004,0.02,-0.04
2.7400e-07,-0.004,-0.004,-0.06,-0.04
2.7440e-07,-0.012,-0.004,-0.02,0
2.7480e-07,-0.004,-0.012,-0.02,0
2.7520e-07,0.004,-0.012,-0.02,0
2.7560e-07,0.004,-0.004,-0.02,0
2.7600e-07,0.004,-0.02,0.02,0.04
2.7640e-07,-0.004,-0.02,-0.02,0
2.7680e-07,-0.004,-0.012,-0.02,-0.04
2.7720e-07,-0.004,-0.02,-0.02,0
2.7760e-07,-0.004,-0.02,-0.02,0
2.7800e-07,-0.004,-0.012,-0.06,-0.04
2.7840e-07,-0.012,-0.012,-0.02,-0.04
2.7880e-07,0.004,-0.02,-0.02,0
2.7920e-07,-0.004,-0.012,-0.06,0
2.7960e-07,-0.004,-0.012,-0.02,0
2.8000e-07,-0.004,-0.012,0.02,-0.04
2.8040e-07,0.004,-0.004,0.02,0.04
2.8080e-07,-0.004,-0.004,0.02,0
2.8120e-07,-0.004,-0.012,0.02,0
2.8160e-07,-0.004,-0.004,-0.02,0
2.8200e-07,0.004,-0.004,0.02,-0.04
2.8240e-07,-0.004,-0.004,0.06,-0.04
2.8280e-07,-0.004,0.004,-0.02,0
2.8320e-07,-0.004,-0.004,-0.02,0
2.8360e-07,-0.012,0.004,-0.06,0
2.8400e-07,-0.02,0.004,-0.02,-0.04
2.8440e-07,-0.02,0.004,-0.02,0
2.8480e-07,-0.012,-0.004,-0.02,0.04
2.8520e-07,-0.02,0.004,0.06,0
2.8560e-07,-0.012,-0.004,0.02,0
2.8600e-07,-0.012,-0.004,0.02,-0.04
2.8640e-07,-0.012,-0.004,-0.02,-0.04
2.8680e-07,-0.012,-0.012,0.06,0
2.8720e-07,-0.012,-0.004,-0.02,-0.04
2.8760e-07,-0.004,0.004,-0.02,0
2.8800e-07,-0.012,0.004,-0.02,0
2.8840e-07,-0.004,-0.004,-0.02,-0.04
2.8880e-07,-0.004,-0.004,-0.02,-0.04
2.8920e-07,-0.004,0.004,-0.02,0
2.8960e-07,0.004,-0.004,-0.02,0.04
2.9000e-07,-0.004,-0.004,0.02,0.04
2.9040e-07,-0.012,0.004,-0.02,0
2.9080e-07,-0.012,0.004,-0.02,0.04
2.9120e-07,-0.004,-0.004,-0.02,0
2.9160e-07,-0.012,-0.004,-0.02,0
2.9200e-07,-0.02,-0.012,-0.02,-0.04
2.9240e-07,-0.012,-0.012,-0.02,0
2.9280e-07,-0.004,-0.012,-0.02,0
2.9320e-07,-0.004,-0.012,-0.02,-0.04
2.9360e-07,-0.012,-0.012,-0.02,0
2.9400e-07,-0.012,-0.02,-0.06,0.04
2.9440e-07,-0.004,-0.012,-0.02,0.04
2.9480e-07,-0.004,-0.012,-0.02,0.04
2.9520e-07,-0.004,-0.012,-0.02,0
2.9560e-07,0.004,0.004,-0.02,0.04
2.9600e-07,0.004,-0.012,-0.06,0
2.9640e-07,-0.004,-0.004,-0.02,0.08
2.9680e-07,-0.004,-0.004,-0.02,0.04
2.9720e-07,-0.004,-0.012,-0.02,0
2.9760e-07,0.004,-0.004,-0.06,-0.04
2.9800e-07,-0.012,-0.004,0.02,0.04
2.9840e-07,-0.004,-0.012,-0.02,0.04
2.9880e-07,0.004,-0.004,0.02,0.04
2.9920e-07,-0.004,-0.004,0.02,0
2.9960e-07,-0.004,-0.004,-0.02,0
3.0000e-07,-0.004,0.004,-0.02,0
3.0040e-07,-0.004,-0.012,-0.02,0.04
3.0080e-07,-0.004,0.004,-0.02,0
3.0120e-07,0.004,-0.004,-0.06,0
3.0160e-07,0.004,-0.012,-0.02,-0.04
3.0200e-07,0.012,0.004,-0.02,0
3.0240e-07,-0.004,0.004,-0.02,0.04
3.0280e-07,-0.012,0.004,-0.02,0.04
3.0320e-07,-0.004,0.004,-0.02,0
3.0360e-07,0.004,0.004,-0.02,0
3.0400e-07,0.004,-0.004,-0.02,0
3.0440e-07,-0.004,-0.004,-0.02,0
3.0480e-07,0.012,-0.004,0.02,0.04
3.0520e-07,0.012,-0.004,0.02,0
3.0560e-07,0.004,0.004,-0.02,-0.04
3.0600e-07,-0.004,-0.004,-0.06,0.04
3.0640e-07,-0.012,-0.004,-0.06,0
3.0680e-07,0.004,-0.004,-0.06,0
3.0720e-07,0.004,-0.004,-0.02,0
3.0760e-07,0.004,0.004,-0.02,0
3.0800e-07,-0.004,-0.004,-0.02,0.04
3.0840e-07,-0.012,-0.004,-0.02,0
3.0880e-07,-0.004,0.004,-0.06,0.04
3.0920e-07,-0.004,-0.004,-0.06,0
3.0960e-07,-0.004,-0.004,-0.06,0.04
3.1000e-07,-0.012,-0.004,-0.02,0
3.1040e-07,-0.02,0.004,-0.02,0
3.1080e-07,-0.02,-0.004,0.02,0
3.1120e-07,-0.02,-0.004,-0.06,0.04
3.1160e-07,-0.02,0.004,-0.06,-0.04
3.1200e-07,-0.02,-0.004,-0.06,0
3.1240e-07,-0.004,-0.004,-0.02,-0.04
3.1280e-07,-0.012,0.004,-0.06,0.04
3.1320e-07,-0.012,-0.004,-0.06,0.04
3.1360e-07,-0.012,0.004,-0.06,0
3.1400e-07,-0.004,0.004,-0.02,0.08
3.1440e-07,0.004,-0.004,-0.02,0
3.1480e-07,0.004,0.004,0.02,0
3.1520e-07,-0.012,0.004,-0.02,0.04
3.1560e-07,-0.004,0.004,0.02,0
3.1600e-07,-0.004,-0.004,-0.02,0
3.1640e-07,-0.012,-0.004,-0.02,0
3.1680e-07,-0.004,0.004,0.02,0
3.1720e-07,-0.004,-0.004,0.02,0
3.1760e-07,-0.012,-0.012,-0.02,0.04
3.1800e-07,-0.012,0.004,-0.02,0
3.1840e-07,-0.004,0.004,0.02,0
3.1880e-07,-0.004,0.004,0.02,0
3.1920e-07,-0.012,0.004,-0.02,0
3.1960e-07,-0.004,0.004,-0.02,0.04
3.2000e-07,-0.004,0.004,0.02,0.04
3.2040e-07,-0.004,0.004,-0.06,0
3.2080e-07,0.004,0.004,-0.02,0.04
3.2120e-07,0.012,0.004,-0.02,0
3.2160e-07,0.004,-0.012,-0.02,0
3.2200e-07,0.004,-0.004,-0.02,0.08
3.2240e-07,-0.004,0.004,0.02,0.04
3.2280e-07,-0.004,-0.004,0.02,0.04
3.2320e-07,-0.004,0.004,-0.02,0.04
3.2360e-07,-0.004,-0.004,0.02,0.08
3.2400e-07,-0.004,-0.004,0.02,0.04
3.2440e-07,-0.004,-0.004,-0.02,0.04
3.2480e-07,-0.004,-0.012,-0.02,0.04
3.2520e-07,-0.004,-0.004,-0.02,0.08
3.2560e-07,-0.004,-0.012,0.02,0.04
3.2600e-07,0.004,-0.02,0.02,0.04
3.2640e-07,-0.004,-0.028,0.02,0.04
3.2680e-07,-0.004,-0.028,-0.02,0.04
3.2720e-07,0.004,-0.02,0.02,0.04
3.2760e-07,0.004,-0.02,0.02,0
3.2800e-07,-0.004,-0.02,0.02,0
3.2840e-07,-0.004,-0.02,0.06,0.04
3.2880e-07,-0.004,-0.012,0.02,0
3.2920e-07,0.004,-0.028,0.02,0.04
3.2960e-07,0.004,-0.028,0.02,0.04
3.3000e-07,-0.004,-0.02,0.02,0
3.3040e-07,-0.004,-0.012,0.02,0
3.3080e-07,0.012,-0.02,0.02,0.04
3.3120e-07,-0.004,-0.004,0.02,0
3.3160e-07,-0.004,-0.012,-0.02,0.04
3.3200e-07,-0.004,-0.004,-0.02,0.04
3.3240e-07,-0.004,-0.004,-0.02,0
3.3280e-07,0.004,-0.012,0.02,0.04
3.3320e-07,-0.004,-0.012,-0.02,0.04
3.3360e-07,-0.004,-0.012,0.02,0.08
3.3400e-07,-0.012,-0.004,-0.02,0
3.3440e-07,-0.004,-0.004,-0.02,0.04
3.3480e-07,-0.004,0.004,-0.02,0.04
3.3520e-07,-0.004,-0.004,-0.02,0
3.3560e-07,-0.012,-0.004,0.02,0.08
3.3600e-07,-0.004,0.004,-0.02,0.04
3.3640e-07,-0.012,-0.004,0.02,0
3.3680e-07,-0.012,-0.004,-0.02,0
3.3720e-07,-0.004,-0.004,0.02,0.04
3.3760e-07,-0.02,-0.004,0.02,0.04
3.3800e-07,-0.012,0.004,0.02,0.04
3.3840e-07,-0.004,-0.004,-0.02,0
3.3880e-07,-0.004,0.004,0.02,0
3.3920e-07,-0.012,-0.004,0.02,0.04
3.3960e-07,-0.012,0.004,0.02,0
3.4000e-07,-0.004,-0.012,-0.02,0
3.4040e-07,-0.012,-0.004,-0.02,0.08
3.4080e-07,-0.004,-0.004,-0.02,0
3.4120e-07,-0.004,-0.004,-0.02,0.04
3.4160e-07,-0.012,-0.012,0.02,0
3.4200e-07,-0.004,-0.012,0.02,0.04
3.4240e-07,-0.004,-0.012,-0.02,0.04
3.4280e-07,0.004,-0.012,-0.02,0
3.4320e-07,-0.004,-0.012,0.02,0.08
3.4360e-07,-0.012,-0.012,-0.02,0
3.4400e-07,0.004,-0.004,-0.02,0
3.4440e-07,0.004,-0.004,-0.02,0.08
3.4480e-07,-0.004,-0.004,-0.02,0.08
3.4520e-07,0.004,-0.012,0.02,0.04
3.4560e-07,-0.004,-0.004,0.02,0
3.4600e-07,-0.004,-0.004,0.02,0.04
3.4640e-07,-0.004,0.004,0.02,0
3.4680e-07,-0.004,-0.004,0.02,0.04
3.4720e-07,0.004,0.004,-0.02,0.04
3.4760e-07,0.004,0.004,0.06,0.04
3.4800e-07,0.004,-0.004,-0.02,0.04
3.4840e-07,-0.004,-0.004,-0.02,0.04
3.4880e-07,0.004,-0.004,0.02,0.04
3.4920e-07,0.004,-0.004,0.06,0
3.4960e-07,0.004,0.004,-0.02,0.04
3.5000e-07,-0.004,-0.004,0.02,0.04
3.5040e-07,0.004,0.004,-0.02,0.04
3.5080e-07,-0.004,0.004,-0.02,0.04
3.5120e-07,-0.004,-0.004,-0.02,0.04
3.5160e-07,0.004,-0.004,0.02,0
3.5200e-07,-0.004,-0.004,0.02,0
3.5240e-07,0.004,-0.02,0.02,0.04
3.5280e-07,-0.004,-0.012,0.02,0.04
3.5320e-07,-0.004,-0.02,-0.02,0.04
3.5360e-07,-0.004,-0.012,0.02,0.04
3.5400e-07,-0.004,-0.012,0.02,0.04
3.5440e-07,-0.004,-0.012,0.06,0.04
3.5480e-07,-0.004,-0.012,0.06,0
3.5520e-07,-0.004,-0.012,0.02,0
3.5560e-07,-0.004,-0.012,0.02,0.04
3.5600e-07,-0.004,-0.012,0.02,0
3.5640e-07,-0.004,-0.004,0.06,0.04
3.5680e-07,-0.004,-0.012,0.02,0
3.5720e-07,-0.012,-0.02,-0.02,0.04
3.5760e-07,-0.004,-0.02,-0.02,0
3.5800e-07,0.004,-0.012,-0.02,0.04
3.5840e-07,-0.004,-0.012,-0.02,0.04
3.5880e-07,-0.004,-0.012,-0.02,0
3.5920e-07,-0.004,-0.012,-0.02,0.04
3.5960e-07,-0.004,-0.012,-0.02,0
3.6000e-07,0.004,-0.012,-0.02,0
3.6040e-07,-0.004,-0.004,0.02,0.04
3.6080e-07,-0.004,-0.004,0.02,0
3.6120e-07,-0.012,-0.004,-0.02,0.04
3.6160e-07,-0.012,-0.004,-0.06,0
3.6200e-07,0.004,-0.004,-0.02,0.04
3.6240e-07,0.004,0.004,0.02,0
3.6280e-07,-0.004,-0.004,0.02,0.04
3.6320e-07,-0.004,-0.004,-0.02,0.04
3.6360e-07,0.004,-0.004,0.02,0
3.6400e-07,-0.004,-0.004,-0.02,0
3.6440e-07,0.004,-0.004,0.02,0.04
3.6480e-07,-0.004,-0.004,-0.06,0.04
3.6520e-07,-0.004,-0.012,0.02,0.04
3.6560e-07,0.004,-0.012,-0.02,0.04
3.6600e-07,-0.012,-0.012,0.02,0
3.6640e-07,-0.012,-0.012,0.02,0.04
3.6680e-07,-0.004,-0.004,0.02,0.04
3.6720e-07,-0.004,-0.004,0.06,0
3.6760e-07,-0.004,0.004,0.02,0
3.6800e-07,-0.004,0.004,0.02,0.04
3.6840e-07,0.012,0.004,0.02,0
3.6880e-07,-0.004,-0.004,0.02,0
3.6920e-07,-0.004,-0.004,0.02,0.04
3.6960e-07,-0.02,-0.004,0.02,0.04
3.7000e-07,-0.012,0.004,0.02,0.04
3.7040e-07,-0.012,0.004,0.02,0
3.7080e-07,-0.028,-0.004,0.06,0.04
3.7120e-07,-0.028,-0.004,0.02,0.04
3.7160e-07,-0.028,-0.004,0.02,0.04
3.7200e-07,-0.036,-0.004,0.02,0
3.7240e-07,-0.028,-0.004,-0.02,0.04
3.7280e-07,-0.036,0.004,-0.02,0.04
3.7320e-07,-0.028,-0.004,0.02,0
3.7360e-07,-0.028,-0.004,-0.02,0.04
3.7400e-07,-0.02,-0.004,0.06,0.04
3.7440e-07,-0.012,-0.004,0.02,0.04
3.7480e-07,-0.02,-0.004,0.02,0.04
3.7520e-07,-0.02,0.004,0.02,0.04
3.7560e-07,-0.004,-0.004,-0.06,0
3.7600e-07,-0.004,-0.004,0.02,0
3.7640e-07,-0.004,-0.004,0.02,0
3.7680e-07,-0.004,-0.004,0.02,0
3.7720e-07,-0.004,0.004,0.02,0
3.7760e-07,0.004,-0.004,0.02,-0.04
3.7800e-07,0.004,-0.004,0.02,0.04
3.7840e-07,-0.004,0.004,0.06,0
3.7880e-07,-0.012,-0.004,0.02,0.04
3.7920e-07,-0.004,-0.012,-0.02,0.04
3.7960e-07,-0.004,-0.028,-0.02,0
3.8000e-07,-0.004,-0.012,-0.02,0.04
3.8040e-07,-0.004,-0.02,0.02,0
3.8080e-07,-0.004,-0.02,0.02,0
3.8120e-07,-0.004,-0.02,-0.02,0
3.8160e-07,-0.004,-0.012,0.02,0
3.8200e-07,-0.004,-0.012,-0.02,0.04
3.8240e-07,-0.004,-0.012,-0.02,0.04
3.8280e-07,-0.004,-0.012,0.02,0.04
3.8320e-07,-0.004,-0.004,0.02,0.04
3.8360e-07,0.004,-0.004,-0.02,0
3.8400e-07,-0.004,-0.004,-0.02,-0.04
3.8440e-07,0.004,-0.004,-0.02,-0.04
3.8480e-07,-0.004,-0.012,0.02,0
3.8520e-07,-0.004,-0.012,-0.02,0
3.8560e-07,0.004,-0.012,-0.02,0
3.8600e-07,0.004,-0.028,-0.02,0.04
3.8640e-07,-0.004,-0.02,0.02,0
3.8680e-07,0.004,-0.02,0.06,0
3.8720e-07,-0.004,-0.02,0.06,0.08
3.8760e-07,0.004,-0.02,0.02,0.04
3.8800e-07,-0.012,-0.012,0.02,0
3.8840e-07,-0.004,-0.012,0.02,0
3.8880e-07,-0.004,-0.004,0.02,0.04
3.8920e-07,-0.004,-0.012,0.06,0.04
3.8960e-07,0.004,-0.004,0.02,0.04
3.9000e-07,0.004,0.004,-0.02,0.04
3.9040e-07,0.004,0.004,0.06,-0.04
3.9080e-07,-0.004,0.004,0.06,0.04
3.9120e-07,0.004,0.004,0.02,0.04
3.9160e-07,0.004,-0.004,0.02,0
3.9200e-07,-0.004,-0.004,-0.02,0.04
3.9240e-07,-0.012,-0.004,0.02,0
3.9280e-07,0.004,0.004,0.06,0.04
3.9320e-07,-0.004,0.004,0.06,0.04
3.9360e-07,0.004,0.004,0.02,0
3.9400e-07,0.004,-0.004,-0.02,0
3.9440e-07,0.004,-0.004,-0.02,0.04
3.9480e-07,-0.004,0.004,0.02,-0.04
3.9520e-07,-0.004,-0.004,-0.02,0
3.9560e-07,-0.004,0.004,0.06,0.04
3.9600e-07,-0.004,0.004,0.06,0
3.9640e-07,-0.004,0.004,0.06,0.04
3.9680e-07,-0.012,0.004,-0.02,0.04
3.9720e-07,-0.012,-0.004,0.02,0.04
3.9760e-07,-0.012,-0.004,0.06,0.04
3.9800e-07,-0.012,0.004,0.02,0.04
3.9840e-07,-0.012,0.004,0.06,0.08
3.9880e-07,-0.012,-0.004,0.02,0.04
3.9920e-07,-0.004,0.004,0.02,0
3.9960e-07,-0.004,-0.004,0.02,0.04
4.0000e-07,-0.012,-0.004,0.06,0.04
4.0040e-07,-0.004,-0.004,-0.02,0.04
4.0080e-07,-0.02,0.004,0.06,0.04
4.0120e-07,-0.004,0.004,0.02,0.04
4.0160e-07,-0.004,-0.004,0.02,0.04
4.0200e-07,-0.004,-0.004,0.06,0.04
4.0240e-07,-0.012,-0.004,0.02,0
4.0280e-07,-0.004,-0.004,0.06,0.04
4.0320e-07,-0.004,-0.004,0.02,0.08
4.0360e-07,-0.004,-0.004,-0.02,0.08
4.0400e-07,-0.004,-0.004,0.02,0.04
4.0440e-07,-0.004,0.004,-0.02,0.04
4.0480e-07,-0.012,0.004,0.02,0.04
4.0520e-07,-0.012,-0.004,0.06,0.04
4.0560e-07,-0.012,-0.004,0.02,0
4.0600e-07,-0.012,-0.004,0.06,0.04
4.0640e-07,-0.012,-0.012,-0.02,0.04
4.0680e-07,-0.02,-0.004,0.06,0.04
4.0720e-07,-0.012,-0.004,0.02,0.08
4.0760e-07,-0.012,-0.004,0.02,0.04
4.0800e-07,-0.012,0.004,0.02,0.04
4.0840e-07,0.004,0.004,0.06,-0.04
4.0880e-07,-0.012,-0.004,0.02,0
4.0920e-07,-0.004,-0.004,0.02,0.04
4.0960e-07,0.012,-0.004,0.02,0.08
4.1000e-07,-0.004,-0.004,0.02,0
4.1040e-07,0.004,-0.012,-0.02,0
4.1080e-07,-0.004,-0.004,0.06,0
4.1120e-07,-0.004,-0.004,0.02,0
4.1160e-07,0.004,-0.004,0.02,0
4.1200e-07,-0.004,-0.004,0.06,0.04
4.1240e-07,0.012,-0.004,0.06,0
4.1280e-07,-0.004,-0.004,0.02,0
4.1320e-07,0.004,-0.012,0.02,0.08
4.1360e-07,0.004,-0.004,0.06,0.04
4.1400e-07,0.012,0.004,0.1,0.08
4.1440e-07,0.004,-0.012,-0.02,0.08
4.1480e-07,0.004,-0.004,0.06,0
4.1520e-07,0.004,-0.004,0.02,0
4.1560e-07,0.004,-0.004,0.02,0.04
4.1600e-07,-0.004,-0.004,0.02,0.04
4.1640e-07,-0.012,0.004,-0.02,0
4.1680e-07,-0.004,-0.004,-0.02,0
4.1720e-07,0.004,-0.004,0.06,0
4.1760e-07,-0.012,-0.012,0.06,0
4.1800e-07,-0.004,-0.012,0.02,0
4.1840e-07,0.004,-0.02,0.06,0.04
4.1880e-07,-0.004,-0.012,0.02,0.04
4.1920e-07,-0.004,-0.004,0.02,0.04
4.1960e-07,0.004,-0.004,0.02,0.04
4.2000e-07,-0.004,-0.004,0.02,0
4.2040e-07,0.004,-0.012,0.06,0.04
4.2080e-07,0.004,-0.012,0.02,0.04
4.2120e-07,0.004,-0.004,0.02,0.04
4.2160e-07,-0.004,-0.004,0.02,0.04
4.2200e-07,-0.004,-0.004,0.06,0.04
4.2240e-07,-0.012,-0.004,-0.02,0.04
4.2280e-07,-0.004,-0.004,-0.02,0
4.2320e-07,-0.012,0.004,0.02,0.04
4.2360e-07,-0.012,-0.004,-0.02,0.08
4.2400e-07,-0.02,-0.012,0.02,0.04
4.2440e-07,-0.012,-0.004,0.02,0.04
4.2480e-07,-0.02,0.004,-0.02,0.08
4.2520e-07,-0.02,0.004,0.02,0
4.2560e-07,-0.012,0.004,0.02,0.04
4.2600e-07,-0.012,-0.004,0.02,0.08
4.2640e-07,-0.012,-0.004,0.1,0.08
4.2680e-07,-0.012,-0.012,0.02,0.08
4.2720e-07,-0.012,-0.004,-0.02,0.08
4.2760e-07,-0.004,-0.004,0.06,0.08
4.2800e-07,-0.004,-0.004,0.02,0.08
4.2840e-07,-0.004,0.004,0.02,0.12
4.2880e-07,-0.004,-0.004,0.02,0.04
4.2920e-07,-0.004,0.004,0.06,0
4.2960e-07,-0.012,-0.004,0.02,0
4.3000e-07,-0.012,-0.004,-0.02,0
4.3040e-07,-0.012,0.004,-0.02,0.04
4.3080e-07,-0.012,-0.004,-0.02,0.04
4.3120e-07,-0.012,0.004,0.06,0.08
4.3160e-07,-0.004,0.004,0.02,0.04
4.3200e-07,-0.02,-0.02,0.06,0.04
4.3240e-07,-0.004,-0.012,0.02,0.04
4.3280e-07,0.004,-0.02,0.02,0.04
4.3320e-07,-0.004,-0.028,0.02,0.04
4.3360e-07,-0.012,-0.028,-0.02,0.04
4.3400e-07,-0.012,-0.012,0.02,0.04
4.3440e-07,-0.012,-0.02,0.02,0.04
4.3480e-07,-0.004,-0.012,0.02,0.04
4.3520e-07,-0.004,-0.02,0.02,0.04
4.3560e-07,-0.004,-0.02,0.1,0
4.3600e-07,-0.004,-0.028,-0.02,0
4.3640e-07,-0.004,-0.036,0.02,0.04
4.3680e-07,-0.004,-0.028,0.02,0.04
4.3720e-07,0.004,-0.028,-0.02,0.04
4.3760e-07,-0.004,-0.012,0.02,0.04
4.3800e-07,-0.012,-0.02,0.06,0.08
4.3840e-07,-0.012,-0.012,0.02,0.04
4.3880e-07,-0.012,-0.012,0.06,0
4.3920e-07,-0.012,-0.012,0.02,0
4.3960e-07,-0.02,-0.012,0.02,0.04
4.4000e-07,-0.004,-0.004,0.02,0
4.4040e-07,-0.004,-0.012,-0.02,0.04
4.4080e-07,-0.004,-0.004,0.02,0
4.4120e-07,0.004,-0.004,0.06,0.08
4.4160e-07,-0.004,-0.004,0.06,0.04
4.4200e-07,0.004,-0.012,0.06,0.08
4.4240e-07,-0.012,0.004,-0.02,0.04
4.4280e-07,-0.012,0.004,0.02,0.04
4.4320e-07,-0.004,-0.004,-0.02,0.04
4.4360e-07,0.004,-0.012,0.02,0.04
4.4400e-07,-0.004,-0.004,0.02,0.04
4.4440e-07,-0.004,-0.004,0.02,0.04
4.4480e-07,-0.004,-0.004,0.02,0.04
4.4520e-07,0.004,-0.004,-0.02,0.04
4.4560e-07,0.004,-0.004,0.02,0
4.4600e-07,-0.004,-0.004,0.02,0.04
4.4640e-07,0.004,-0.004,0.06,0.04
4.4680e-07,-0.004,-0.004,0.06,0.04
4.4720e-07,0.004,-0.004,0.02,0.04
4.4760e-07,0.004,-0.004,0.02,0.04
4.4800e-07,0.004,-0.004,0.02,0
4.4840e-07,-0.004,0.004,0.06,0.04
4.4880e-07,0.004,0.004,0.06,0.04
4.4920e-07,0.004,0.004,0.06,0.04
4.4960e-07,0.004,-0.004,0.02,0.04
4.5000e-07,0.004,-0.012,0.06,0
4.5040e-07,-0.004,-0.004,0.02,0.08
4.5080e-07,-0.004,0.004,0.02,0
4.5120e-07,0.004,-0.004,-0.02,0
4.5160e-07,-0.004,-0.004,-0.02,0.04
4.5200e-07,0.004,-0.004,0.06,0.04
4.5240e-07,-0.004,0.004,0.02,0
4.5280e-07,-0.012,-0.004,-0.02,0.04
4.5320e-07,-0.02,-0.004,0.02,0.08
4.5360e-07,-0.012,0.004,0.02,0.04
4.5400e-07,-0.012,0.004,0.02,0.04
4.5440e-07,-0.02,0.004,-0.02,0.08
4.5480e-07,-0.012,0.004,0.06,0.08
4.5520e-07,-0.012,0.004,0.06,0
4.5560e-07,-0.012,0.012,0.02,0.08
4.5600e-07,-0.012,0.004,0.02,0.04
4.5640e-07,-0.004,-0.004,0.02,0.04
4.5680e-07,-0.012,-0.004,-0.02,0.04
4.5720e-07,-0.012,-0.012,0.06,0
4.5760e-07,-0.012,-0.012,0.02,0.04
4.5800e-07,-0.004,-0.004,-0.02,0.04
4.5840e-07,-0.004,-0.004,-0.02,0.04
4.5880e-07,-0.004,-0.004,0.06,0.08
4.5920e-07,-0.012,-0.012,0.06,0.08
4.5960e-07,-0.004,0.004,0.06,0
4.6000e-07,-0.004,-0.012,0.06,0.04
4.6040e-07,-0.004,0.004,0.06,0.08
4.6080e-07,-0.004,-0.004,0.06,0.04
4.6120e-07,0.004,0.004,0.06,0.04
4.6160e-07,0.004,-0.004,0.02,0.08
4.6200e-07,-0.004,-0.004,0.02,0.08
4.6240e-07,-0.004,0.004,0.1,0.04
4.6280e-07,-0.004,-0.004,0.02,0.04
4.6320e-07,-0.004,-0.004,0.02,0.04
4.6360e-07,-0.012,0.004,0.02,0.04
4.6400e-07,-0.012,-0.004,0.02,0.08
4.6440e-07,-0.004,-0.004,0.02,0.08
4.6480e-07,0.004,-0.004,0.02,0
4.6520e-07,0.004,0.004,-0.02,0.08
4.6560e-07,0.004,0.004,-0.02,0.04
4.6600e-07,0.004,-0.004,0.02,0.08
4.6640e-07,-0.004,0.012,0.06,0.04
4.6680e-07,-0.012,-0.012,0.06,0.04
4.6720e-07,0.004,-0.004,0.02,0.04
4.6760e-07,-0.004,-0.004,0.02,0.04
4.6800e-07,-0.004,-0.004,0.06,0.04
4.6840e-07,-0.004,-0.004,0.02,0.04
4.6880e-07,0.004,0.004,0.06,0.08
4.6920e-07,-0.004,0.004,0.06,0.08
4.6960e-07,0.004,0.004,0.02,0.04
4.7000e-07,0.004,-0.004,0.02,0.08
4.7040e-07,-0.004,-0.004,0.02,0.08
4.7080e-07,0.004,0.004,0.06,0.08
4.7120e-07,-0.004,0.004,0.02,0.04
4.7160e-07,0.004,0.004,0.02,0.08
4.7200e-07,0.004,-0.004,0.02,0.08
4.7240e-07,-0.004,0.004,0.02,0.04
4.7280e-07,-0.004,0.004,0.02,0.08
4.7320e-07,-0.004,0.004,0.02,0.08
4.7360e-07,-0.004,0.004,0.02,0.08
4.7400e-07,-0.004,0.012,0.02,0.08
4.7440e-07,-0.004,0.004,0.02,0.08
4.7480e-07,0.012,-0.004,0.06,0.08
4.7520e-07,0.004,0.004,-0.02,0.04
4.7560e-07,0.004,-0.004,-0.02,0.04
4.7600e-07,-0.004,0.004,0.02,0.04
4.7640e-07,-0.004,0.004,0.02,0.04
4.7680e-07,-0.004,0.004,-0.02,0.04
4.7720e-07,0.004,0.004,0.02,0.04
4.7760e-07,0.004,0.004,0.02,0.04
4.7800e-07,0.004,-0.012,0.02,0.04
4.7840e-07,0.004,-0.004,0.02,0.08
4.7880e-07,0.004,-0.004,-0.02,0.04
4.7920e-07,0.012,0.004,0.02,0.04
4.7960e-07,-0.004,-0.004,0.06,0.08
4.8000e-07,-0.004,-0.004,0.06,0.04
4.8040e-07,0.004,-0.004,0.02,0.04
4.8080e-07,-0.004,0.004,-0.02,0.08
4.8120e-07,0.004,-0.004,0.06,0.12
4.8160e-07,0.004,0.004,0.06,0.08
4.8200e-07,-0.004,0.004,0.06,0.04
4.8240e-07,-0.004,0.004,0.02,0.08
4.8280e-07,-0.004,0.004,0.06,0.04
4.8320e-07,-0.012,0.004,0.1,0.04
4.8360e-07,-0.004,0.004,0.02,0.08
4.8400e-07,-0.004,-0.004,0.02,0.04
4.8440e-07,0.004,0.004,0.02,0.08
4.8480e-07,-0.004,-0.004,-0.02,0.04
4.8520e-07,-0.004,-0.004,-0.02,0.04
4.8560e-07,0.004,0.004,0.02,0.08
4.8600e-07,-0.004,0.004,0.06,0.04
4.8640e-07,0.004,0.004,0.06,0.04
4.8680e-07,-0.004,0.004,0.06,0.04
4.8720e-07,-0.004,0.004,0.02,0.04
4.8760e-07,0.004,-0.004,0.02,0.04
4.8800e-07,0.004,0.004,0.02,0.12
4.8840e-07,-0.012,-0.004,-0.02,0.08
4.8880e-07,-0.004,0.004,0.02,0
4.8920e-07,-0.004,-0.004,0.06,0.04
4.8960e-07,-0.004,0.004,-0.02,0
4.9000e-07,-0.004,-0.004,0.02,0.04
4.9040e-07,-0.004,0.004,0.02,0.08
4.9080e-07,-0.004,-0.004,0.06,0.04
4.9120e-07,-0.004,-0.004,0.02,0.04
4.9160e-07,-0.004,-0.004,0.02,0.04
4.9200e-07,-0.004,-0.004,0.02,0.04
4.9240e-07,-0.012,-0.004,0.02,0.04
4.9280e-07,-0.012,0.004,0.02,0.08
4.9320e-07,-0.004,-0.004,0.02,0.08
4.9360e-07,-0.004,-0.004,-0.02,0.08
4.9400e-07,-0.004,0.004,0.02,0.04
4.9440e-07,-0.012,-0.004,-0.02,0.04
4.9480e-07,-0.004,-0.004,0.02,0.04
4.9520e-07,-0.012,0.004,0.06,0.08
4.9560e-07,-0.004,0.004,0.1,0.04
4.9600e-07,-0.004,-0.004,0.02,0.08
4.9640e-07,-0.004,0.004,0.02,0.08
4.9680e-07,-0.004,-0.004,0.02,0.08
4.9720e-07,-0.004,-0.012,0.02,0.04
4.9760e-07,-0.004,-0.004,-0.02,0.08
4.9800e-07,0.004,0.004,0.06,0.12
4.9840e-07,-0.004,0.004,0.02,0.08
4.9880e-07,-0.004,-0.004,0.02,0.08
4.9920e-07,-0.004,-0.004,0.06,0.04
4.9960e-07,0.004,0.004,0.02,0
5.0000e-07,0.004,0.004,0.06,0.04
5.0040e-07,0.004,-0.004,0.06,0.04
5.0080e-07,0.004,0.012,0.02,0.04
5.0120e-07,0.004,-0.004,0.06,0.04
5.0160e-07,-0.012,0.004,0.02,0
5.0200e-07,-0.012,-0.004,0.02,0.04
5.0240e-07,-0.004,-0.012,0.02,0.04
5.0280e-07,-0.004,-0.004,0.02,0.04
5.0320e-07,-0.004,-0.004,0.02,0.04
5.0360e-07,-0.012,-0.004,0.02,0.04
5.0400e-07,0.004,-0.004,0.06,0
5.0440e-07,-0.004,-0.004,0.02,0.08
5.0480e-07,-0.004,-0.004,0.06,0.04
5.0520e-07,-0.004,-0.004,0.02,0.04
5.0560e-07,-0.004,-0.004,0.02,0.04
5.0600e-07,-0.012,-0.004,0.02,0.08
5.0640e-07,-0.004,-0.004,0.06,0.08
5.0680e-07,0.004,-0.004,0.02,0.08
5.0720e-07,0.004,-0.004,0.02,0.04
5.0760e-07,0.012,0.004,0.02,0.08
5.0800e-07,-0.004,-0.004,0.02,0.04
5.0840e-07,-0.004,-0.004,-0.02,0.08
5.0880e-07,0.004,0.004,0.02,0
5.0920e-07,0.004,0.004,0.06,0.08
5.0960e-07,-0.004,-0.004,-0.02,0.04
5.1000e-07,0.004,-0.004,0.02,0.08
5.1040e-07,-0.004,0.004,0.02,0.04
5.1080e-07,0.004,0.004,0.02,0.04
5.1120e-07,0.004,-0.004,0.02,0.08
5.1160e-07,0.004,-0.004,0.02,0
5.1200e-07,0.004,0.004,0.02,0.04
5.1240e-07,-0.004,0.004,0.06,0.04
5.1280e-07,0.004,-0.004,0.02,0.04
5.1320e-07,-0.004,0.004,0.02,0.04
5.1360e-07,-0.004,-0.004,0.02,0.04
5.1400e-07,-0.004,0.004,0.02,0.08
5.1440e-07,-0.004,-0.004,0.06,0.04
5.1480e-07,-0.004,-0.012,0.02,0.08
5.1520e-07,-0.004,-0.004,0.02,0.08
5.1560e-07,-0.004,-0.004,0.02,0.08
5.1600e-07,0.004,0.004,0.02,0.08
5.1640e-07,0.012,-0.004,0.02,0.08
5.1680e-07,-0.004,-0.004,0.02,0.08
5.1720e-07,0.004,-0.004,0.06,0.04
5.1760e-07,0.004,0.004,0.02,0.08
5.1800e-07,-0.004,-0.004,-0.02,0.08
5.1840e-07,0.004,-0.004,0.02,0.08
5.1880e-07,-0.004,-0.004,0.06,0.04
5.1920e-07,-0.004,-0.004,0.06,0.04
5.1960e-07,-0.004,-0.004,0.02,0.04
5.2000e-07,-0.004,0.004,0.02,0.04
5.2040e-07,-0.004,0.004,0.02,0.04
5.2080e-07,-0.012,0.012,0.02,0.04
5.2120e-07,-0.012,-0.004,0.06,0.08
5.2160e-07,-0.02,-0.004,-0.02,0.04
5.2200e-07,-0.012,-0.004,0.02,0.12
5.2240e-07,-0.012,-0.004,0.06,0.04
5.2280e-07,-0.012,-0.004,0.02,0.04
5.2320e-07,-0.004,0.004,0.02,0.04
5.2360e-07,-0.012,0.004,0.02,0.04
5.2400e-07,-0.004,-0.004,0.02,0.04
5.2440e-07,-0.004,-0.004,0.02,0.04
5.2480e-07,-0.004,0.004,0.02,0.04
5.2520e-07,0.004,-0.004,0.06,0.04
5.2560e-07,0.004,0.004,0.02,0.08
5.2600e-07,-0.004,-0.004,0.02,0.08
5.2640e-07,-0.004,0.004,0.06,0.08
5.2680e-07,0.004,-0.004,0.06,0.08
5.2720e-07,-0.012,0.004,0.06,0.04
5.2760e-07,-0.012,0.004,0.06,0
5.2800e-07,0.004,0.004,0.06,0.04
5.2840e-07,0.004,0.004,0.1,0.08
5.2880e-07,-0.004,0.004,-0.02,0.08
5.2920e-07,-0.004,-0.004,0.02,0.04
5.2960e-07,0.004,-0.004,-0.02,0.08
5.3000e-07,0.004,0.004,0.06,0
5.3040e-07,-0.012,-0.004,0.02,0.04
5.3080e-07,0.004,0.004,0.06,0.04
5.3120e-07,-0.004,-0.004,0.02,0.08
5.3160e-07,0.004,-0.004,0.1,0.08
5.3200e-07,-0.004,-0.004,0.06,0.08
5.3240e-07,0.004,0.004,0.06,0.08
5.3280e-07,0.004,-0.004,0.02,0.08
5.3320e-07,-0.004,0.004,0.06,0.04
5.3360e-07,0.004,-0.004,0.02,0.08
5.3400e-07,-0.004,-0.004,0.06,0.04
5.3440e-07,-0.012,0.004,0.02,0.08
5.3480e-07,-0.012,-0.012,0.06,0.08
5.3520e-07,-0.004,0.004,0.06,0.08
5.3560e-07,-0.004,0.004,0.02,0.08
5.3600e-07,-0.004,0.004,0.02,0.04
5.3640e-07,-0.004,0.004,0.1,0.04
5.3680e-07,-0.004,0.004,0.06,0
5.3720e-07,-0.004,0.004,0.06,0
5.3760e-07,0.004,-0.004,0.02,0.08
5.3800e-07,0.004,-0.004,0.02,0.08
5.3840e-07,0.012,-0.004,0.06,0.08
5.3880e-07,-0.004,-0.004,0.02,0.08
5.3920e-07,0.004,-0.004,0.06,0.04
5.3960e-07,-0.004,-0.004,0.02,0.04
5.4000e-07,-0.004,-0.004,-0.02,0.08
5.4040e-07,-0.004,0.004,0.02,0.04
5.4080e-07,-0.004,0.004,0.02,0.04
5.4120e-07,-0.012,-0.004,0.06,0.08
5.4160e-07,-0.004,0.004,0.02,0.08
5.4200e-07,-0.004,0.004,-0.02,0.04
5.4240e-07,0.004,-0.004,0.02,0.08
5.4280e-07,-0.004,-0.004,0.02,0.12
5.4320e-07,-0.012,0.004,0.02,0.04
5.4360e-07,-0.004,0.004,0.02,0.08
5.4400e-07,-0.004,-0.012,0.06,0.04
5.4440e-07,0.004,0.004,-0.02,0.04
5.4480e-07,0.004,-0.004,0.06,0.12
5.4520e-07,0.004,-0.004,0.06,0.04
5.4560e-07,0.004,-0.004,0.1,0.08
5.4600e-07,0.004,-0.004,0.06,0.04
5.4640e-07,-0.004,-0.012,0.02,0.08
5.4680e-07,0.004,-0.02,0.06,0.08
5.4720e-07,0.004,-0.028,-0.02,0.08
5.4760e-07,-0.004,-0.02,0.02,0.04
5.4800e-07,-0.004,-0.028,0.06,0.12
5.4840e-07,-0.004,-0.012,0.02,0.12
5.4880e-07,0.004,-0.02,0.02,0.08
5.4920e-07,0.004,-0.012,0.02,0.08
5.4960e-07,0.004,-0.012,0.02,0.08
5.5000e-07,-0.004,-0.012,0.02,0.04
5.5040e-07,-0.004,-0.004,0.02,0.08
5.5080e-07,0.004,-0.004,0.02,0.08
5.5120e-07,0.004,-0.004,0.06,0.08
5.5160e-07,0.004,-0.004,-0.02,0.08
5.5200e-07,-0.004,-0.004,-0.02,0.08
5.5240e-07,0.004,0.004,0.02,0.04
5.5280e-07,-0.004,0.004,-0.02,0.08
5.5320e-07,-0.004,-0.004,0.02,0.08
5.5360e-07,0.004,0.004,0.02,0.08
5.5400e-07,-0.004,-0.004,-0.02,0.08
5.5440e-07,-0.004,-0.004,-0.02,0.04
5.5480e-07,-0.004,-0.004,0.02,0
5.5520e-07,-0.012,-0.004,0.06,0.04
5.5560e-07,0.004,-0.004,0.02,0.04
5.5600e-07,0.004,-0.004,0.02,0.04
5.5640e-07,0.004,0.004,0.02,0.04
5.5680e-07,0.004,0.004,0.02,0.04
5.5720e-07,-0.004,0.004,-0.02,0.12
5.5760e-07,-0.004,-0.004,0.02,0.08
5.5800e-07,0.004,-0.012,0.02,0.08
5.5840e-07,-0.004,-0.004,0.02,0.08
5.5880e-07,-0.004,-0.004,-0.02,0.08
5.5920e-07,-0.004,-0.004,0.02,0.08
5.5960e-07,-0.004,-0.004,-0.02,0.08
5.6000e-07,0.004,-0.004,-0.02,0.08
5.6040e-07,-0.004,0.004,-0.02,0.04
5.6080e-07,0.012,-0.004,0.02,0.08
5.6120e-07,0.004,-0.004,0.06,0.12
5.6160e-07,0.004,-0.004,0.02,0
5.6200e-07,-0.004,-0.012,0.02,0.08
5.6240e-07,-0.004,-0.004,0.02,0.12
5.6280e-07,0.012,-0.004,0.02,0.04
5.6320e-07,0.004,-0.004,0.02,0.04
5.6360e-07,0.012,-0.012,0.06,0.04
5.6400e-07,-0.004,-0.004,0.06,0.08
5.6440e-07,-0.012,0.004,0.06,0.08
5.6480e-07,0.004,0.004,0.02,0.04
5.6520e-07,0.004,-0.004,0.02,0.08
5.6560e-07,0.004,-0.004,0.02,0.08
5.6600e-07,-0.004,-0.004,0.02,0.08
5.6640e-07,-0.004,-0.004,0.02,0.12
5.6680e-07,0.004,0.004,0.02,0.08
5.6720e-07,-0.012,0.012,0.02,0.08
5.6760e-07,-0.004,0.004,0.06,0.08
5.6800e-07,-0.004,0.004,0.06,0.04
5.6840e-07,-0.004,-0.004,0.1,0.04
5.6880e-07,-0.004,0.004,0.02,0.08
5.6920e-07,-0.004,0.004,0.06,0.04
5.6960e-07,0.004,-0.004,0.02,0.04
5.7000e-07,0.004,0.004,0.02,0.04
5.7040e-07,-0.004,-0.004,0.02,0.08
5.7080e-07,0.004,0.004,0.06,0.08
5.7120e-07,0.004,0.004,0.1,0.08
5.7160e-07,0.004,-0.004,0.06,0.04
5.7200e-07,-0.012,-0.004,0.1,0
5.7240e-07,-0.004,-0.004,0.1,0.08
5.7280e-07,0.004,-0.004,0.06,0.12
5.7320e-07,-0.004,0.004,0.06,0.08
5.7360e-07,0.004,0.004,0.1,0.08
5.7400e-07,0.004,0.004,0.1,0.08
5.7440e-07,0.004,0.004,0.06,0.04
5.7480e-07,0.004,0.004,0.02,0.04
5.7520e-07,0.004,-0.004,0.02,0.08
5.7560e-07,-0.004,-0.004,0.02,0.08
5.7600e-07,-0.004,-0.004,0.02,0.08
5.7640e-07,0.004,0.004,0.02,0.08
5.7680e-07,-0.004,-0.004,-0.02,0.04
5.7720e-07,0.004,0.004,-0.02,0.04
5.7760e-07,0.004,-0.012,0.02,0.08
5.7800e-07,0.004,-0.004,0.02,0.08
5.7840e-07,-0.004,-0.012,0.02,0.04
5.7880e-07,-0.004,-0.004,-0.02,0.04
5.7920e-07,-0.004,0.004,0.02,0.04
5.7960e-07,-0.004,-0.004,0.02,0.08
5.8000e-07,-0.004,-0.004,-0.02,0.08
5.8040e-07,-0.004,0.004,-0.02,0.04
5.8080e-07,-0.012,-0.004,-0.02,0.08
5.8120e-07,0.004,-0.004,-0.02,0.04
5.8160e-07,0.004,0.004,0.02,0.04
5.8200e-07,0.004,0.004,0.02,0
5.8240e-07,0.004,0.004,-0.02,0.08
5.8280e-07,-0.004,-0.004,0.02,0.08
5.8320e-07,-0.004,-0.004,-0.02,0.08
5.8360e-07,0.004,-0.004,0.02,0.12
5.8400e-07,-0.004,-0.012,0.02,0.08
5.8440e-07,0.004,-0.004,-0.02,0.08
5.8480e-07,-0.004,0.004,-0.02,0.04
5.8520e-07,0.004,-0.004,-0.02,0.08
5.8560e-07,-0.004,0.004,-0.02,0.08
5.8600e-07,-0.004,0.004,-0.02,0.08
5.8640e-07,-0.012,0.004,-0.02,0.08
5.8680e-07,-0.012,-0.004,-0.06,0.08
5.8720e-07,-0.004,-0.004,-0.06,0.08
5.8760e-07,-0.004,0.004,-0.02,0.08
5.8800e-07,-0.004,0.004,-0.06,0.04
5.8840e-07,-0.004,-0.012,-0.02,0.08
5.8880e-07,0.004,0.004,0.02,0.04
5.8920e-07,0.004,-0.004,-0.02,0.04
5.8960e-07,-0.004,-0.004,-0.02,0.04
5.9000e-07,-0.012,-0.004,-0.02,0.08
5.9040e-07,-0.004,0.004,-0.02,0
5.9080e-07,-0.004,0.004,-0.06,0.08
5.9120e-07,-0.004,-0.004,-0.06,0.08
5.9160e-07,0.004,0.004,-0.06,0.08
5.9200e-07,-0.004,0.004,-0.06,0.08
5.9240e-07,0.004,-0.012,-0.02,0.04
5.9280e-07,0.004,-0.004,-0.02,0.08
5.9320e-07,-0.004,-0.004,-0.02,0.08
5.9360e-07,-0.012,-0.004,-0.06,0.08
5.9400e-07,-0.004,0.004,-0.02,0.08
5.9440e-07,-0.004,-0.004,-0.02,0.08
5.9480e-07,0.004,-0.004,-0.02,0.04
5.9520e-07,-0.004,0.004,-0.02,0
5.9560e-07,-0.004,-0.004,-0.02,0.04
5.9600e-07,-0.004,-0.004,-0.06,0.04
5.9640e-07,-0.004,-0.004,-0.02,0.08
5.9680e-07,0.004,-0.004,-0.02,0.04
5.9720e-07,-0.004,0.004,-0.02,0.04
5.9760e-07,-0.004,-0.004,-0.02,0
5.9800e-07,-0.004,-0.004,-0.02,0.08
5.9840e-07,0.004,-0.004,-0.06,0.08
5.9880e-07,0.004,-0.004,-0.02,0.08
5.9920e-07,-0.004,-0.004,-0.02,0.08
5.9960e-07,-0.004,0.012,-0.06,0.08
6.0000e-07,-0.004,0.004,-0.06,0.08
6.0040e-07,0.004,-0.004,-0.02,0.04
6.0080e-07,-0.004,-0.004,-0.02,0.12
6.0120e-07,-0.004,0.004,-0.02,0.08
6.0160e-07,-0.004,-0.004,-0.02,0.04
6.0200e-07,0.004,-0.012,-0.02,0.12
6.0240e-07,-0.004,0.004,-0.02,0.08
6.0280e-07,-0.012,0.004,-0.06,0.08
6.0320e-07,0.004,0.004,-0.06,0.04
6.0360e-07,0.004,-0.004,-0.02,0.04
6.0400e-07,-0.004,0.004,-0.02,0.04
6.0440e-07,0.004,-0.004,0.02,0.12
6.0480e-07,0.004,-0.004,-0.06,0.04
6.0520e-07,0.004,0.004,-0.02,0.08
6.0560e-07,-0.004,-0.004,-0.02,0
6.0600e-07,0.004,0.004,-0.02,0.08
6.0640e-07,-0.004,-0.004,-0.02,0.08
6.0680e-07,0.004,0.004,-0.06,0.08
6.0720e-07,0.004,-0.004,-0.02,0.08
6.0760e-07,-0.004,-0.004,-0.02,0.08
6.0800e-07,-0.004,-0.004,-0.02,0.08
6.0840e-07,0.004,-0.004,-0.06,0.08
6.0880e-07,0.004,-0.012,-0.02,0.04
6.0920e-07,-0.004,-0.004,-0.06,0.04
6.0960e-07,-0.004,-0.004,-0.02,0.04
6.1000e-07,-0.004,-0.004,-0.06,0.04
6.1040e-07,0.004,-0.004,-0.02,0.08
6.1080e-07,0.004,-0.004,-0.06,0.08
6.1120e-07,0.004,-0.004,-0.06,0.08
6.1160e-07,0.004,0.004,-0.02,0.08
6.1200e-07,-0.004,-0.004,0.02,0.08
6.1240e-07,0.004,-0.004,0.02,0.04
6.1280e-07,-0.004,-0.004,-0.02,0.04
6.1320e-07,-0.004,-0.004,-0.02,0.08
6.1360e-07,-0.004,-0.004,-0.02,0.04
6.1400e-07,-0.012,-0.004,0.02,0.04
6.1440e-07,-0.012,-0.012,-0.02,0.04
6.1480e-07,-0.004,-0.004,-0.06,0.08
6.1520e-07,-0.012,0.004,-0.02,0.08
6.1560e-07,-0.004,0.004,-0.02,0.08
6.1600e-07,0.004,-0.004,-0.02,0.08
6.1640e-07,0.004,-0.004,-0.06,0.04
6.1680e-07,-0.004,-0.004,-0.06,0
6.1720e-07,0.004,-0.004,-0.06,0.08
6.1760e-07,-0.012,-0.004,0.02,0.08
6.1800e-07,-0.004,-0.004,0.02,0.04
6.1840e-07,0.012,0.004,-0.02,0.04
6.1880e-07,-0.004,-0.012,-0.02,0.04
6.1920e-07,-0.004,-0.004,-0.02,0.04
6.1960e-07,-0.004,-0.004,-0.02,0.04
6.2000e-07,0.004,-0.004,0.02,0.08
6.2040e-07,-0.004,-0.004,0.02,0.04
6.2080e-07,-0.004,-0.004,0.02,0.08
6.2120e-07,-0.004,-0.004,0.02,0.04
6.2160e-07,-0.004,-0.004,-0.02,0.08
6.2200e-07,-0.004,0.004,-0.02,0.04
6.2240e-07,0.004,-0.004,0.02,0
6.2280e-07,-0.004,0.004,-0.02,0.08
6.2320e-07,-0.004,0.004,-0.02,0.08
6.2360e-07,-0.004,-0.004,0.02,0.08
6.2400e-07,-0.004,-0.004,-0.02,0.08
6.2440e-07,0.004,0.004,0.02,0.08
6.2480e-07,0.004,0.004,0.02,0.08
6.2520e-07,-0.004,0.004,-0.02,0.08
6.2560e-07,-0.004,-0.004,-0.02,0.04
6.2600e-07,-0.004,0.004,-0.02,0.08
6.2640e-07,-0.004,-0.004,-0.02,0.08
6.2680e-07,-0.004,-0.004,-0.02,0.08
6.2720e-07,0.004,-0.004,-0.06,0.04
6.2760e-07,-0.004,-0.004,-0.02,0.04
6.2800e-07,-0.004,-0.004,-0.02,0
6.2840e-07,-0.004,-0.004,-0.02,0.08
6.2880e-07,-0.004,-0.004,0.02,0.12
6.2920e-07,0.004,-0.004,-0.02,0.08
6.2960e-07,0.004,-0.004,-0.02,0.08
6.3000e-07,0.004,-0.004,-0.02,0.08
6.3040e-07,-0.004,-0.004,-0.02,0.04
6.3080e-07,-0.004,-0.004,-0.02,0.12
6.3120e-07,-0.004,-0.004,-0.02,0.08
6.3160e-07,-0.004,0.004,-0.02,0.04
6.3200e-07,-0.004,-0.004,-0.06,0.08
6.3240e-07,-0.004,-0.004,-0.02,0.08
6.3280e-07,-0.004,0.004,-0.02,0.08
6.3320e-07,-0.004,-0.004,-0.02,0.08
6.3360e-07,-0.004,-0.004,-0.02,0.08
6.3400e-07,-0.004,-0.004,-0.02,0.04
6.3440e-07,-0.004,0.004,0.02,0.04
6.3480e-07,-0.004,0.004,-0.02,0.08
6.3520e-07,0.004,0.004,-0.06,0.04
6.3560e-07,0.004,-0.012,-0.02,0.08
6.3600e-07,0.004,0.004,-0.06,0.04
6.3640e-07,0.004,-0.004,-0.02,0.04
6.3680e-07,0.004,0.004,0.02,0
6.3720e-07,-0.004,0.004,0.02,0.04
6.3760e-07,-0.012,-0.004,0.02,0.08
6.3800e-07,0.004,0.004,0.02,0.08
6.3840e-07,-0.004,0.004,0.06,0.08
6.3880e-07,-0.004,0.004,-0.02,0.08
6.3920e-07,-0.004,0.004,0.02,0.04
6.3960e-07,0.012,-0.004,0.02,0.04
6.4000e-07,0.004,0.004,-0.02,0.04
6.4040e-07,0.004,0.004,-0.06,0.08
6.4080e-07,-0.004,0.004,0.02,0.04
6.4120e-07,0.004,-0.004,0.02,0.08
6.4160e-07,-0.004,-0.02,0.02,0.08
6.4200e-07,-0.02,-0.004,0.02,0.08
6.4240e-07,0.004,-0.004,0.1,0.08
6.4280e-07,0.004,0.004,-0.02,0.04
6.4320e-07,-0.004,-0.004,-0.02,0.08
6.4360e-07,0.004,0.004,0.02,0
6.4400e-07,0.004,-0.004,0.02,0.04
6.4440e-07,0.004,0.004,0.02,0.08
6.4480e-07,-0.004,0.004,-0.02,0.08
6.4520e-07,0.004,-0.004,0.02,0.04
6.4560e-07,0.012,-0.004,0.02,0.04
6.4600e-07,0.004,0.004,0.02,0.04
6.4640e-07,-0.004,-0.004,0.06,0.08
6.4680e-07,0.012,-0.004,0.02,0.08
6.4720e-07,0.004,0.004,0.02,0.08
6.4760e-07,-0.004,-0.004,0.02,0.08
6.4800e-07,0.004,-0.004,0.02,0.04
6.4840e-07,-0.004,0.004,-0.02,0.04
6.4880e-07,-0.004,0.004,-0.02,0.08
6.4920e-07,0.004,-0.004,0.02,0.08
6.4960e-07,-0.004,0.004,0.02,0.04
6.5000e-07,-0.004,-0.004,-0.06,0.04
6.5040e-07,0.004,0.004,-0.02,0.04
6.5080e-07,-0.004,-0.004,0.02,0.08
6.5120e-07,-0.004,-0.004,-0.02,0.08
6.5160e-07,0.004,-0.004,-0.02,0.08
6.5200e-07,0.012,-0.004,-0.02,0.04
6.5240e-07,0.012,0.004,0.02,0.04
6.5280e-07,-0.004,-0.004,-0.02,0.08
6.5320e-07,-0.004,-0.004,-0.02,0.08
6.5360e-07,-0.004,-0.004,-0.02,0.04
6.5400e-07,0.004,-0.004,0.02,0.08
6.5440e-07,-0.004,0.004,0.06,0
6.5480e-07,0.004,-0.004,0.02,0.04
6.5520e-07,-0.012,-0.004,-0.02,0.08
6.5560e-07,-0.004,-0.012,-0.02,0.08
6.5600e-07,-0.004,-0.012,0.02,0.08
6.5640e-07,-0.004,-0.004,0.02,0.08
6.5680e-07,-0.004,0.004,0.02,0.04
6.5720e-07,-0.004,-0.004,0.02,0.04
6.5760e-07,-0.004,-0.004,-0.02,0.04
6.5800e-07,0.004,-0.004,-0.02,0.04
6.5840e-07,0.004,-0.004,0.02,0.08
6.5880e-07,-0.004,-0.004,0.02,0.08
6.5920e-07,0.004,0.004,-0.02,0.04
6.5960e-07,-0.004,0.004,-0.02,0.04
6.6000e-07,-0.004,-0.004,-0.02,0.08
6.6040e-07,0.004,-0.004,0.02,0.04
6.6080e-07,0.004,0.004,0.06,0.08
6.6120e-07,-0.004,0.004,0.06,0.08
6.6160e-07,-0.004,-0.004,0.06,0
6.6200e-07,0.004,0.004,0.02,0.08
6.6240e-07,0.004,-0.004,-0.02,0.04
6.6280e-07,-0.004,-0.004,-0.06,0.04
6.6320e-07,0.004,0.004,0.02,0.08
6.6360e-07,-0.004,-0.004,0.02,0.04
6.6400e-07,-0.004,-0.004,0.06,0.04
6.6440e-07,-0.004,-0.004,0.02,0.04
6.6480e-07,-0.012,0.004,0.02,0.08
6.6520e-07,-0.012,-0.004,0.02,0.08
6.6560e-07,-0.028,0.004,0.02,0.08
6.6600e-07,-0.02,0.004,0.06,0.08
6.6640e-07,-0.012,-0.004,0.02,0.12
6.6680e-07,-0.004,0.004,0.02,0.08
6.6720e-07,-0.004,0.004,0.02,0.12
6.6760e-07,-0.012,-0.004,0.02,0.08
6.6800e-07,-0.012,0.004,0.02,0.08
6.6840e-07,-0.004,0.004,0.02,0.04
6.6880e-07,-0.012,-0.004,0.02,0.08
6.6920e-07,0.004,-0.004,0.02,0.08
6.6960e-07,-0.012,-0.004,0.06,0.12
6.7000e-07,0.004,-0.004,0.06,0.08
6.7040e-07,0.004,0.004,0.1,0.04
6.7080e-07,-0.004,0.012,0.02,0.04
6.7120e-07,-0.004,-0.004,0.06,0.08
6.7160e-07,-0.004,0.004,0.02,0.08
6.7200e-07,-0.004,-0.004,0.06,0.04
6.7240e-07,-0.012,0.004,0.02,0.04
6.7280e-07,0.004,0.004,0.02,0.04
6.7320e-07,-0.004,0.004,0.02,0.12
6.7360e-07,-0.004,-0.004,-0.02,0.08
6.7400e-07,-0.012,-0.004,0.02,0.08
6.7440e-07,0.004,-0.004,0.02,0.08
6.7480e-07,-0.004,0.012,0.02,0.08
6.7520e-07,-0.004,-0.004,0.02,0.04
6.7560e-07,-0.004,-0.012,0.02,0.12
6.7600e-07,-0.012,-0.004,0.06,0.08
6.7640e-07,-0.004,-0.004,0.02,0.08
6.7680e-07,-0.004,0.004,0.02,0.08
6.7720e-07,0.004,-0.004,-0.02,0.08
6.7760e-07,-0.004,-0.012,0.02,0.08
6.7800e-07,0.004,-0.004,0.02,0.08
6.7840e-07,0.004,-0.004,0.02,0.08
6.7880e-07,-0.004,-0.004,0.02,0.12
6.7920e-07,-0.004,-0.004,-0.02,0.08
6.7960e-07,0.02,-0.012,0.02,0.04
6.8000e-07,-0.012,-0.004,0.02,0.04
6.8040e-07,-0.004,-0.004,0.02,0.04
6.8080e-07,0.004,-0.004,0.02,0.04
6.8120e-07,-0.004,-0.004,-0.02,0.04
6.8160e-07,0.004,-0.012,0.02,0.04
6.8200e-07,-0.004,0.004,0.02,0.04
6.8240e-07,-0.004,0.004,0.02,0.08
6.8280e-07,-0.004,0.012,0.1,0.04
6.8320e-07,-0.004,-0.012,0.02,0.08
6.8360e-07,0.004,-0.004,0.02,0.08
6.8400e-07,0.004,-0.004,0.02,0.08
6.8440e-07,-0.004,-0.012,0.02,0.08
6.8480e-07,-0.004,-0.004,0.02,0.08
6.8520e-07,0.004,0.004,0.02,0.08
6.8560e-07,-0.004,-0.004,0.02,0.04
6.8600e-07,-0.004,-0.012,0.02,0.04
6.8640e-07,0.004,0.004,-0.02,0.04
6.8680e-07,-0.004,-0.012,-0.02,0
6.8720e-07,0.004,-0.012,0.02,0.04
6.8760e-07,0.004,-0.004,0.02,0.04
6.8800e-07,-0.004,-0.004,0.02,0.04
6.8840e-07,0.004,-0.012,-0.02,0.08
6.8880e-07,-0.004,-0.004,-0.02,0.12
6.8920e-07,-0.004,0.004,-0.02,0.08
6.8960e-07,-0.012,0.004,0.02,0.08
6.9000e-07,0.004,0.004,0.06,0
6.9040e-07,0.004,-0.004,0.02,0.04
6.9080e-07,-0.004,0.004,0.06,0.08
6.9120e-07,-0.004,0.004,0.02,0.08
6.9160e-07,-0.004,-0.004,0.06,0.08
6.9200e-07,0.004,0.004,0.1,0.04
6.9240e-07,-0.004,-0.004,0.06,0.08
6.9280e-07,0.004,-0.004,0.02,0.08
6.9320e-07,-0.004,-0.004,0.02,0.08
6.9360e-07,-0.004,-0.004,0.02,0.04
6.9400e-07,-0.004,-0.004,0.02,0.08
6.9440e-07,0.004,0.004,-0.02,0
6.9480e-07,-0.004,-0.004,-0.02,0.08
6.9520e-07,-0.004,-0.004,0.06,0.04
6.9560e-07,0.004,0.004,0.02,0
6.9600e-07,0.004,-0.004,0.02,0.08
6.9640e-07,0.004,-0.004,-0.02,0.08
6.9680e-07,-0.004,-0.004,-0.02,0.08
6.9720e-07,0.004,-0.004,0.02,0.08
6.9760e-07,-0.004,-0.004,0.02,0.04
6.9800e-07,0.004,-0.004,0.02,0.04
6.9840e-07,0.004,-0.012,0.02,0.04
6.9880e-07,-0.004,-0.012,0.02,0.04
6.9920e-07,0.004,-0.012,0.02,0.04
6.9960e-07,0.004,-0.028,0.02,0.04
7.0000e-07,-0.004,-0.02,0.06,0.08
7.0040e-07,-0.004,-0.028,0.06,0.08
7.0080e-07,-0.004,-0.036,0.02,0.04
7.0120e-07,-0.012,-0.036,0.02,0.04
7.0160e-07,-0.004,-0.028,0.02,0.04
7.0200e-07,-0.012,-0.036,0.02,0.04
7.0240e-07,-0.02,-0.036,0.02,0.12
7.0280e-07,-0.012,-0.02,0.02,0.04
7.0320e-07,-0.012,-0.02,0.02,0.04
7.0360e-07,-0.012,-0.012,0.02,0.08
7.0400e-07,-0.02,-0.012,0.02,0.04
7.0440e-07,-0.004,-0.004,0.06,0.08
7.0480e-07,-0.012,-0.004,0.02,0.08
7.0520e-07,0.012,-0.004,0.02,0.08
7.0560e-07,0.004,-0.004,0.06,0.04
7.0600e-07,-0.004,-0.012,0.06,0.04
7.0640e-07,0.004,-0.004,0.02,0.08
7.0680e-07,0.004,-0.012,0.06,0.04
7.0720e-07,0.004,-0.004,0.06,0.08
7.0760e-07,0.004,0.004,0.02,0.08
7.0800e-07,0.004,-0.004,0.02,0
7.0840e-07,0.004,-0.004,0.02,0.04
7.0880e-07,-0.004,0.004,0.06,0.04
7.0920e-07,-0.012,-0.004,0.06,0
7.0960e-07,0.004,-0.004,0.02,0.04
7.1000e-07,0.004,-0.004,0.02,0.08
7.1040e-07,0.004,-0.004,0.02,0.04
7.1080e-07,0.012,-0.004,0.02,0.08
7.1120e-07,0.004,0.004,0.06,0.08
7.1160e-07,0.004,-0.004,0.02,0.08
7.1200e-07,0.004,-0.012,-0.02,0.04
7.1240e-07,-0.004,-0.004,0.02,0.04
7.1280e-07,0.004,0.012,-0.02,0
7.1320e-07,-0.004,0.004,0.02,0.04
7.1360e-07,-0.004,0.004,0.06,0.08
7.1400e-07,-0.004,-0.004,0.06,0.04
7.1440e-07,-0.004,-0.004,0.02,0.04
7.1480e-07,-0.004,-0.004,0.02,0.04
7.1520e-07,0.004,0.004,0.06,0.08
7.1560e-07,-0.004,-0.004,-0.02,0.12
7.1600e-07,-0.004,-0.004,0.02,0.08
7.1640e-07,0.012,-0.004,0.02,0.08
7.1680e-07,0.004,-0.004,0.06,0.08
7.1720e-07,0.004,-0.004,0.02,0.04
7.1760e-07,0.012,0.012,-0.02,0.08
7.1800e-07,-0.004,0.012,0.02,0.04
7.1840e-07,-0.012,-0.004,-0.02,0.04
7.1880e-07,0.012,-0.004,0.02,0.08
7.1920e-07,-0.004,-0.004,0.02,0.08
7.1960e-07,0.004,-0.012,0.02,0.08
7.2000e-07,0.004,-0.004,0.02,0.08
7.2040e-07,-0.004,-0.012,0.02,0.08
7.2080e-07,-0.004,-0.004,-0.02,0.08
7.2120e-07,0.004,-0.012,0.02,0.04
7.2160e-07,-0.004,-0.012,-0.06,0.04
7.2200e-07,-0.004,-0.004,-0.02,0.04
7.2240e-07,-0.004,-0.004,0.06,0.04
7.2280e-07,0.004,-0.012,0.06,0.04
7.2320e-07,-0.004,-0.012,0.02,0
7.2360e-07,-0.004,-0.012,0.02,0.08
7.2400e-07,-0.004,-0.012,0.06,0.08
7.2440e-07,0.004,-0.004,0.02,0.04
7.2480e-07,-0.012,-0.012,-0.02,0.04
7.2520e-07,-0.004,0.004,0.02,0
7.2560e-07,0.004,0.004,0.02,0.04
7.2600e-07,-0.004,-0.004,0.02,0.04
7.2640e-07,-0.004,0.004,0.02,0.08
7.2680e-07,-0.004,-0.004,0.02,0.08
7.2720e-07,-0.004,0.004,0.06,0.08
7.2760e-07,0.004,-0.004,0.06,0.04
7.2800e-07,-0.012,-0.004,0.06,0.08
7.2840e-07,-0.004,-0.004,0.02,0.08
7.2880e-07,-0.004,-0.004,0.02,0.12
7.2920e-07,-0.004,0.004,0.06,0.08
7.2960e-07,-0.004,-0.004,0.06,0.04
7.3000e-07,-0.004,0.004,0.06,0.08
7.3040e-07,0.004,0.004,0.06,0.04
7.3080e-07,-0.004,-0.004,0.06,0.08
7.3120e-07,0.004,-0.004,0.06,0.04
7.3160e-07,-0.004,0.004,-0.02,0.08
7.3200e-07,0.004,-0.004,0.02,0.04
7.3240e-07,-0.004,-0.004,0.02,0.08
7.3280e-07,0.012,-0.004,0.02,0.04
7.3320e-07,0.004,-0.02,0.02,0.04
7.3360e-07,-0.004,-0.012,0.02,0.12
7.3400e-07,-0.004,-0.012,0.02,0.08
7.3440e-07,-0.004,-0.02,0.02,0.12
7.3480e-07,-0.02,-0.028,0.02,0.12
7.3520e-07,-0.012,-0.028,0.02,0.16
7.3560e-07,-0.012,-0.036,0.02,0.08
7.3600e-07,-0.012,-0.036,0.02,0.04
7.3640e-07,-0.012,-0.028,0.02,0.04
7.3680e-07,-0.012,-0.028,-0.02,0.04
7.3720e-07,-0.012,-0.02,-0.02,0.08
7.3760e-07,-0.004,-0.012,0.02,0.04
7.3800e-07,-0.012,-0.012,0.02,0.08
7.3840e-07,-0.004,-0.012,0.06,0.04
7.3880e-07,-0.004,-0.004,0.06,0.08
7.3920e-07,-0.012,-0.004,0.02,0.04
7.3960e-07,0.004,-0.004,0.06,0.08
7.4000e-07,0.004,-0.012,0.02,0.12
7.4040e-07,-0.004,-0.012,0.02,0.12
7.4080e-07,0.004,-0.004,0.06,0.12
7.4120e-07,-0.004,-0.012,0.1,0.04
7.4160e-07,-0.004,-0.004,0.02,0.12
7.4200e-07,0.004,-0.004,0.06,0.08
7.4240e-07,-0.012,-0.004,0.06,0.08
7.4280e-07,-0.004,-0.004,-0.02,0.08
7.4320e-07,-0.004,0.004,0.06,0.04
7.4360e-07,-0.012,-0.004,0.1,0.08
7.4400e-07,-0.012,-0.004,0.06,0.12
7.4440e-07,-0.028,-0.004,0.06,0.04
7.4480e-07,-0.012,0.004,-0.02,0.08
7.4520e-07,-0.02,-0.004,0.02,0.08
7.4560e-07,-0.012,0.004,0.02,0.04
7.4600e-07,-0.004,0.004,0.06,0.08
7.4640e-07,-0.012,-0.004,0.02,0.04
7.4680e-07,-0.004,-0.004,0.02,0.04
7.4720e-07,-0.004,-0.004,0.02,0.08
7.4760e-07,0.004,-0.004,0.1,0.08
7.4800e-07,-0.004,-0.004,0.06,0.08
7.4840e-07,-0.004,-0.004,0.06,0.08
7.4880e-07,-0.012,0.004,0.02,0
7.4920e-07,-0.012,-0.004,0.02,0.04
7.4960e-07,-0.012,-0.004,0.02,0.08
7.5000e-07,-0.004,-0.004,0.02,0.08
7.5040e-07,-0.004,-0.004,0.02,0.04
7.5080e-07,-0.004,0.004,0.02,0.04
7.5120e-07,-0.012,-0.004,0.02,0.04
7.5160e-07,-0.004,0.004,0.02,0.08
7.5200e-07,-0.004,0.004,0.02,0.04
7.5240e-07,-0.004,0.004,0.1,0.08
7.5280e-07,-0.012,-0.012,0.02,0
7.5320e-07,-0.004,0.004,0.02,0.08
7.5360e-07,0.004,-0.004,0.02,0.08
7.5400e-07,0.004,-0.004,0.06,0.08
7.5440e-07,-0.004,0.004,0.06,0.04
7.5480e-07,-0.004,-0.004,0.06,0.08
7.5520e-07,0.004,0.004,0.02,0.04
7.5560e-07,-0.004,-0.012,0.02,0.04
7.5600e-07,0.004,-0.004,0.02,0.04
7.5640e-07,-0.004,-0.004,0.02,0.08
7.5680e-07,-0.004,-0.012,0.06,0.08
7.5720e-07,-0.004,-0.012,0.06,0.08
7.5760e-07,-0.012,-0.02,0.02,0.08
7.5800e-07,0.004,-0.028,0.02,0.08
7.5840e-07,0.004,-0.02,0.06,0.08
7.5880e-07,0.004,-0.012,0.02,0.08
7.5920e-07,-0.004,-0.012,0.02,0.08
7.5960e-07,0.004,-0.004,0.06,0.08
7.6000e-07,0.004,-0.004,0.02,0.08
7.6040e-07,-0.004,-0.004,0.06,0.12
7.6080e-07,0.004,-0.004,0.02,0.12
7.6120e-07,0.004,0.004,0.02,0.08
7.6160e-07,-0.004,-0.012,0.02,0.08
7.6200e-07,-0.004,-0.004,-0.02,0.04
7.6240e-07,0.004,0.004,-0.02,0.04
7.6280e-07,0.012,-0.004,0.02,0.08
7.6320e-07,0.004,-0.004,0.02,0.08
7.6360e-07,0.004,0.004,0.02,0.08
7.6400e-07,0.004,-0.02,0.06,0.04
7.6440e-07,-0.004,-0.004,0.06,0.08
7.6480e-07,-0.004,-0.004,0.02,0.08
7.6520e-07,0.004,-0.004,0.02,0.08
7.6560e-07,-0.004,-0.004,0.02,0.04
7.6600e-07,0.004,-0.004,-0.02,0.04
7.6640e-07,0.012,0.004,0.02,0.04
7.6680e-07,-0.004,0.004,0.02,0.04
7.6720e-07,-0.004,-0.004,0.06,0.08
7.6760e-07,-0.004,-0.004,0.02,0.08
7.6800e-07,-0.004,0.004,0.02,0.08
7.6840e-07,-0.004,0.004,0.06,0.08
7.6880e-07,-0.004,-0.012,0.06,0.08
7.6920e-07,0.004,0.004,0.02,0.04
7.6960e-07,-0.004,0.004,0.06,0.08
7.7000e-07,-0.004,-0.012,0.06,0.12
7.7040e-07,0.004,0.004,0.06,0.08
7.7080e-07,-0.004,0.004,0.02,0.08
7.7120e-07,0.004,-0.012,0.02,0.08
7.7160e-07,-0.004,-0.004,0.06,0.08
7.7200e-07,-0.004,0.004,0.06,0.08
7.7240e-07,-0.004,-0.004,0.1,0.08
7.7280e-07,-0.004,0.004,0.06,0.08
7.7320e-07,-0.004,-0.004,0.1,0.12
7.7360e-07,0.004,-0.004,0.1,0.04
7.7400e-07,-0.004,0.004,0.06,0.08
7.7440e-07,-0.012,-0.004,0.06,0.08
7.7480e-07,-0.012,-0.004,0.02,0.12
7.7520e-07,-0.012,0.004,0.06,0.08
7.7560e-07,-0.012,0.004,0.06,0.04
7.7600e-07,-0.012,-0.004,0.06,0.08
7.7640e-07,-0.012,-0.004,0.02,0.12
7.7680e-07,-0.012,-0.004,0.02,0.08
7.7720e-07,-0.012,0.004,0.02,0.04
7.7760e-07,-0.012,0.004,0.06,0.04
7.7800e-07,-0.012,-0.004,0.06,0.04
7.7840e-07,-0.004,0.004,0.02,0.08
7.7880e-07,-0.012,-0.004,0.02,0.04
7.7920e-07,-0.004,0.004,0.06,0.08
7.7960e-07,-0.004,0.004,0.02,0.08
7.8000e-07,-0.004,-0.004,0.02,0.04
7.8040e-07,-0.004,-0.004,0.02,0.08
7.8080e-07,-0.004,0.004,-0.02,0.04
7.8120e-07,0.004,-0.004,0.02,0.08
7.8160e-07,0.012,0.012,0.02,0.04
7.8200e-07,-0.004,-0.004,-0.02,0.04
7.8240e-07,0.004,0.004,0.02,0.04
7.8280e-07,-0.004,-0.004,0.02,0.08
7.8320e-07,-0.004,-0.004,0.02,0.08
7.8360e-07,-0.012,-0.004,0.02,0.04
7.8400e-07,0.004,-0.004,0.02,0.04
7.8440e-07,0.004,-0.004,0.02,0.04
7.8480e-07,-0.004,-0.004,0.02,0.08
7.8520e-07,0.012,-0.004,-0.02,0.04
7.8560e-07,0.004,0.004,0.02,0
7.8600e-07,-0.004,0.004,0.02,0.04
7.8640e-07,0.004,0.004,0.02,0.04
7.8680e-07,-0.004,-0.004,-0.02,0.12
7.8720e-07,-0.004,-0.004,-0.02,0.08
7.8760e-07,-0.004,0.004,0.02,0.04
7.8800e-07,-0.012,-0.004,-0.02,0.08
7.8840e-07,0.004,-0.004,0.02,0.08
7.8880e-07,-0.004,-0.004,0.02,0.08
7.8920e-07,0.004,-0.004,-0.02,0.08
7.8960e-07,-0.004,0.004,-0.02,0.12
7.9000e-07,-0.012,-0.004,0.02,0.08
7.9040e-07,-0.012,-0.004,0.02,0.08
7.9080e-07,-0.004,-0.004,0.02,0.04
7.9120e-07,-0.02,-0.004,0.02,0.08
7.9160e-07,-0.02,-0.004,0.02,0.08
7.9200e-07,-0.012,-0.004,-0.02,0.04
7.9240e-07,-0.004,0.004,0.02,0.08
7.9280e-07,-0.004,0.004,-0.02,0.08
7.9320e-07,-0.004,-0.004,0.06,0.08
7.9360e-07,-0.004,-0.004,0.02,0.04
7.9400e-07,0.004,0.004,0.02,0.04
7.9440e-07,-0.004,-0.004,0.02,0.08
7.9480e-07,-0.004,-0.004,0.02,0.12
7.9520e-07,-0.004,-0.004,0.02,0.08
7.9560e-07,-0.004,-0.004,0.06,0.04
7.9600e-07,-0.004,-0.004,0.06,0
7.9640e-07,0.004,-0.012,0.02,0.04
7.9680e-07,-0.004,0.004,0.02,0.04
7.9720e-07,-0.004,0.004,0.02,0.12
7.9760e-07,-0.004,0.004,-0.02,0.08
7.9800e-07,0.004,0.004,0.02,0.08
7.9840e-07,-0.004,0.004,0.02,0.08
7.9880e-07,-0.004,-0.004,0.02,0.08
7.9920e-07,0.004,-0.004,0.02,0.08
7.9960e-07,0.004,0.004,0.02,0.08
8.0000e-07,0.004,-0.004,0.02,0.08
8.0040e-07,-0.004,0.004,-0.02,0.08
8.0080e-07,-0.004,0.004,0.06,0.08
8.0120e-07,-0.004,-0.004,0.02,0.08
8.0160e-07,0.004,0.004,0.02,0.04
8.0200e-07,0.004,-0.004,0.02,0.08
8.0240e-07,0.004,-0.004,0.06,0.12
8.0280e-07,0.004,-0.004,0.02,0.08
8.0320e-07,0.004,-0.012,0.06,0.04
8.0360e-07,-0.012,-0.004,0.06,0.08
8.0400e-07,-0.004,-0.004,0.02,0.12
8.0440e-07,0.004,-0.004,0.02,0.08
8.0480e-07,-0.004,0.004,0.02,0.08
8.0520e-07,-0.012,0.004,0.02,0.08
8.0560e-07,-0.004,-0.004,0.02,0.08
8.0600e-07,0.004,-0.004,0.06,0.08
8.0640e-07,0.004,-0.004,-0.02,0.12
8.0680e-07,-0.004,0.004,0.06,0.08
8.0720e-07,0.012,0.004,0.02,0.08
8.0760e-07,-0.012,0.004,0.06,0.08
8.0800e-07,-0.012,0.004,0.1,0.08
8.0840e-07,-0.004,-0.004,0.02,0.04
8.0880e-07,-0.012,-0.004,-0.02,0.12
8.0920e-07,-0.004,-0.004,0.02,0.04
8.0960e-07,-0.004,0.004,0.06,0.08
8.1000e-07,-0.012,-0.004,0.02,0.08
8.1040e-07,-0.004,-0.004,-0.02,0.08
8.1080e-07,-0.004,0.004,0.02,0.08
8.1120e-07,-0.004,-0.004,0.02,0.04
8.1160e-07,0.004,0.004,0.02,0.08
8.1200e-07,0.004,0.004,0.02,0.08
8.1240e-07,0.004,0.004,0.02,0.08
8.1280e-07,0.004,0.004,-0.02,0.08
8.1320e-07,0.004,0.004,-0.02,0.04
8.1360e-07,-0.004,0.004,0.06,0.08
8.1400e-07,0.004,0.004,0.02,0.08
8.1440e-07,0.004,-0.004,-0.02,0.04
8.1480e-07,-0.004,0.004,0.06,0.08
8.1520e-07,0.004,0.004,0.02,0.08
8.1560e-07,-0.004,-0.004,0.1,0.08
8.1600e-07,-0.004,-0.004,0.06,0.08
8.1640e-07,-0.012,-0.004,0.06,0.04
8.1680e-07,-0.004,0.004,0.06,0.08
8.1720e-07,0.012,-0.004,0.02,0.12
8.1760e-07,0.004,-0.004,0.02,0.04
8.1800e-07,0.004,-0.004,0.02,0.08
8.1840e-07,0.004,-0.004,0.06,0.08
8.1880e-07,-0.012,-0.004,0.02,0.08
8.1920e-07,-0.012,-0.004,0.06,0.04
8.1960e-07,-0.004,0.004,0.06,0.04
8.2000e-07,-0.012,0.004,0.02,0.08
8.2040e-07,-0.004,0.004,0.06,0.08
8.2080e-07,-0.02,-0.004,0.02,0.04
8.2120e-07,-0.012,-0.004,-0.02,0.08
8.2160e-07,-0.02,-0.004,0.02,0.08
8.2200e-07,-0.004,-0.004,0.06,0.08
8.2240e-07,-0.004,-0.004,0.02,0.08
8.2280e-07,-0.004,0.004,0.02,0.08
8.2320e-07,-0.004,-0.004,0.06,0.12
8.2360e-07,-0.004,-0.004,0.06,0.04
8.2400e-07,-0.004,-0.004,0.06,0.08
8.2440e-07,-0.012,-0.004,0.06,0.08
8.2480e-07,-0.012,-0.004,0.02,0.08
8.2520e-07,-0.004,-0.004,0.06,0.08
8.2560e-07,0.004,-0.004,0.02,0.04
8.2600e-07,-0.004,0.004,0.06,0.04
8.2640e-07,0.004,-0.004,0.06,0.04
8.2680e-07,-0.004,-0.012,0.02,0.04
8.2720e-07,-0.004,-0.004,0.06,0.04
8.2760e-07,-0.004,-0.004,0.02,0.04
8.2800e-07,-0.004,0.004,0.1,0.08
8.2840e-07,-0.004,0.004,0.02,0.08
8.2880e-07,-0.004,-0.004,0.02,0.08
8.2920e-07,0.004,-0.004,-0.02,0.04
8.2960e-07,0.004,-0.004,0.02,0.08
8.3000e-07,0.004,0.004,0.02,0.08
8.3040e-07,0.004,-0.004,0.02,0.12
8.3080e-07,0.004,-0.004,0.02,0.08
8.3120e-07,0.004,-0.004,0.02,0.08
8.3160e-07,0.004,0.004,-0.02,0.08
8.3200e-07,-0.004,-0.004,0.02,0.08
8.3240e-07,-0.004,0.004,0.1,0.08
8.3280e-07,-0.004,-0.004,0.02,0.08
8.3320e-07,-0.004,-0.004,0.06,0.04
8.3360e-07,-0.012,-0.004,0.02,0.08
8.3400e-07,0.004,-0.004,0.02,0.08
8.3440e-07,-0.004,0.004,0.02,0.04
8.3480e-07,0.012,0.004,0.02,0.08
8.3520e-07,-0.004,0.004,0.02,0.08
8.3560e-07,-0.004,-0.004,0.02,0.08
8.3600e-07,-0.004,-0.004,0.02,0.04
8.3640e-07,-0.004,0.004,0.02,0.08
8.3680e-07,-0.004,0.004,-0.02,0.12
8.3720e-07,-0.004,-0.004,0.06,0.08
8.3760e-07,-0.012,0.004,0.02,0.08
8.3800e-07,-0.004,-0.004,0.02,0.04
8.3840e-07,0.004,-0.012,0.02,0.08
8.3880e-07,-0.004,-0.012,0.02,0.08
8.3920e-07,-0.004,-0.012,0.06,0.08
8.3960e-07,-0.004,-0.004,0.02,0.08
8.4000e-07,-0.004,-0.012,0.06,0.08
8.4040e-07,0.004,-0.012,0.02,0.08
8.4080e-07,0.004,-0.012,0.02,0.08
8.4120e-07,-0.004,-0.004,0.06,0.08
8.4160e-07,0.004,-0.004,0.02,0.08
8.4200e-07,0.004,-0.004,0.06,0.12
8.4240e-07,-0.004,-0.004,0.06,0.08
8.4280e-07,0.004,-0.004,0.02,0.04
8.4320e-07,-0.012,-0.004,0.02,0.04
8.4360e-07,0.004,0.004,0.1,0.08
8.4400e-07,-0.004,-0.004,0.02,0.08
8.4440e-07,-0.004,-0.004,0.02,0.08
8.4480e-07,-0.012,-0.004,0.02,0.08
8.4520e-07,-0.004,0.004,0.02,0.08
8.4560e-07,0.004,-0.004,0.06,0.08
8.4600e-07,0.004,0.004,0.02,0.08
8.4640e-07,-0.004,-0.004,0.06,0.08
8.4680e-07,0.004,-0.004,0.06,0.08
8.4720e-07,0.004,0.004,0.02,0.08
8.4760e-07,0.004,-0.012,-0.02,0.08
8.4800e-07,-0.004,-0.012,-0.02,0.12
8.4840e-07,-0.004,-0.02,0.02,0.08
8.4880e-07,-0.012,-0.02,0.02,0.08
8.4920e-07,-0.004,-0.02,0.06,0.04
8.4960e-07,-0.004,-0.012,0.02,0.04
8.5000e-07,0.004,-0.012,0.02,0.08
8.5040e-07,-0.004,-0.02,0.06,0.04
8.5080e-07,0.012,-0.02,0.02,0.04
8.5120e-07,0.004,-0.012,0.06,0.04
8.5160e-07,0.004,-0.004,0.06,0.08
8.5200e-07,0.004,-0.004,0.02,0.04
8.5240e-07,0.004,0.004,0.06,0.08
8.5280e-07,0.004,-0.004,0.06,0.08
8.5320e-07,0.004,-0.004,0.02,0.08
8.5360e-07,-0.004,-0.004,0.02,0.08
8.5400e-07,-0.004,0.004,0.06,0.04
8.5440e-07,-0.004,-0.004,0.02,0.08
8.5480e-07,0.004,0.004,0.06,0.08
8.5520e-07,0.004,-0.004,0.02,0.04
8.5560e-07,-0.004,0.004,0.02,0.08
8.5600e-07,0.004,-0.004,0.06,0.04
8.5640e-07,0.004,-0.012,0.06,0.08
8.5680e-07,-0.004,-0.004,0.02,0.08
8.5720e-07,-0.004,-0.004,0.02,0.08
8.5760e-07,0.004,0.004,0.02,0.08
8.5800e-07,0.004,-0.004,0.06,0.08
8.5840e-07,-0.004,-0.004,0.02,0.08
8.5880e-07,0.004,0.004,0.02,0.08
8.5920e-07,-0.004,0.004,0.02,0.08
8.5960e-07,-0.004,0.004,0.02,0.08
8.6000e-07,-0.004,-0.004,0.06,0.08
8.6040e-07,-0.004,-0.004,0.02,0.08
8.6080e-07,-0.004,0.004,0.06,0.08
8.6120e-07,-0.004,0.004,0.02,0.04
8.6160e-07,-0.004,-0.004,0.06,0.04
8.6200e-07,-0.004,-0.004,0.02,0.04
8.6240e-07,0.004,-0.004,0.02,0.08
8.6280e-07,-0.004,-0.004,0.02,0.08
8.6320e-07,-0.004,-0.004,0.02,0.08
8.6360e-07,0.004,-0.004,0.02,0.04
8.6400e-07,0.004,-0.004,0.06,0.04
8.6440e-07,-0.004,0.004,0.02,0.04
8.6480e-07,-0.012,0.004,0.06,0.08
8.6520e-07,-0.004,-0.004,0.06,0.04
8.6560e-07,-0.004,-0.004,0.06,0.04
8.6600e-07,-0.012,0.004,0.02,0.08
8.6640e-07,-0.02,-0.004,0.02,0.04
8.6680e-07,-0.004,0.004,0.02,0.08
8.6720e-07,-0.02,-0.004,0.02,0.08
8.6760e-07,-0.012,0.012,0.02,0.08
8.6800e-07,-0.012,0.004,0.06,0.04
8.6840e-07,-0.004,-0.004,0.02,0.12
8.6880e-07,-0.004,0.004,0.02,0.08
8.6920e-07,0.004,-0.004,0.06,0.04
8.6960e-07,-0.004,-0.004,0.02,0.08
8.7000e-07,-0.004,-0.004,-0.02,0.08
8.7040e-07,-0.004,-0.004,-0.02,0.08
8.7080e-07,-0.004,-0.004,0.06,0.08
8.7120e-07,0.004,0.004,0.06,0.08
8.7160e-07,-0.004,0.004,0.02,0.12
8.7200e-07,-0.004,0.004,0.02,0.04
8.7240e-07,0.004,0.004,0.06,0.08
8.7280e-07,0.004,0.004,0.06,0.08
8.7320e-07,-0.004,-0.004,0.1,0.08
8.7360e-07,0.004,-0.004,0.06,0.04
8.7400e-07,0.004,-0.004,0.06,0.08
8.7440e-07,0.004,0.004,0.1,0.08
8.7480e-07,-0.004,0.004,0.1,0.08
8.7520e-07,-0.004,-0.004,0.02,0.04
8.7560e-07,-0.012,-0.004,0.02,0.04
8.7600e-07,0.004,-0.004,0.06,0.04
8.7640e-07,-0.004,-0.004,0.02,0.08
8.7680e-07,0.012,-0.004,0.02,0.08
8.7720e-07,-0.004,-0.004,0.06,0.08
8.7760e-07,0.012,0.004,0.06,0.12
8.7800e-07,-0.004,0.004,0.1,0.08
8.7840e-07,-0.004,0.004,0.06,0.08
8.7880e-07,0.004,0.004,0.06,0.08
8.7920e-07,-0.012,0.004,0.06,0.08
8.7960e-07,0.004,0.004,0.06,0.08
8.8000e-07,0.004,0.004,0.06,0.08
8.8040e-07,0.004,0.004,0.1,0.08
8.8080e-07,0.004,0.004,0.02,0.08
8.8120e-07,0.004,-0.012,0.02,0.12
8.8160e-07,0.004,-0.012,0.06,0.08
8.8200e-07,-0.012,-0.012,0.06,0.08
8.8240e-07,-0.004,-0.012,0.02,0.08
8.8280e-07,0.004,-0.004,0.06,0.04
8.8320e-07,-0.004,-0.012,0.02,0.04
8.8360e-07,0.004,-0.004,-0.02,0.08
8.8400e-07,-0.004,-0.004,0.02,0.08
8.8440e-07,-0.004,-0.004,0.06,0.08
8.8480e-07,-0.004,-0.004,0.02,0.04
8.8520e-07,-0.004,-0.012,0.06,0.08
8.8560e-07,0.004,-0.004,0.02,0.08
8.8600e-07,0.004,-0.004,0.02,0.08
8.8640e-07,0.004,0.004,0.1,0.12
8.8680e-07,-0.004,-0.004,0.02,0.08
8.8720e-07,0.004,-0.004,0.02,0.04
8.8760e-07,0.004,0.004,0.02,0
8.8800e-07,0.012,0.004,0.06,0.04
8.8840e-07,0.004,-0.004,0.1,0.08
8.8880e-07,-0.004,-0.004,0.06,0.04
8.8920e-07,0.004,0.004,0.06,0.08
8.8960e-07,-0.004,-0.004,0.06,0.08
8.9000e-07,-0.004,0.004,0.06,0.04
8.9040e-07,0.004,0.004,0.02,0.08
8.9080e-07,-0.004,-0.012,0.06,0.08
8.9120e-07,0.004,0.004,0.02,0.12
8.9160e-07,0.004,0.004,0.06,0.08
8.9200e-07,0.004,0.004,0.02,0.08
8.9240e-07,-0.004,0.004,0.06,0.08
8.9280e-07,0.004,0.004,0.06,0.04
8.9320e-07,-0.004,0.004,0.06,0.08
8.9360e-07,0.004,-0.004,0.02,0.04
8.9400e-07,-0.012,-0.004,0.06,0.12
8.9440e-07,0.004,-0.004,0.02,0.08
8.9480e-07,-0.012,-0.004,0.06,0.08
8.9520e-07,0.004,0.004,0.06,0.04
8.9560e-07,-0.004,0.004,0.02,0.12
8.9600e-07,0.012,-0.004,0.06,0.08
8.9640e-07,0.004,-0.004,0.06,0.08
8.9680e-07,-0.004,-0.004,0.02,0.08
8.9720e-07,-0.004,0.004,0.02,0.04
8.9760e-07,-0.004,-0.004,-0.02,0.08
8.9800e-07,-0.004,-0.004,0.02,0.08
8.9840e-07,0.004,-0.004,0.06,0.08
8.9880e-07,0.004,-0.004,0.02,0.08
8.9920e-07,-0.004,0.004,0.02,0.08
8.9960e-07,-0.004,0.004,-0.02,0.04
9.0000e-07,0.004,0.004,0.06,0
9.0040e-07,0.004,0.004,0.06,0.08
9.0080e-07,-0.004,-0.004,0.02,0.08
9.0120e-07,0.004,-0.004,0.06,0.08
9.0160e-07,-0.004,-0.004,0.02,0.08
9.0200e-07,-0.004,0.012,0.02,0.08
9.0240e-07,-0.012,-0.004,0.06,0.08
9.0280e-07,0.004,-0.004,0.1,0.08
9.0320e-07,-0.004,0.004,0.06,0.04
9.0360e-07,0.004,0.004,0.02,0.08
9.0400e-07,0.004,-0.004,0.02,0.04
9.0440e-07,-0.004,-0.004,0.06,0.04
9.0480e-07,0.012,-0.004,0.02,0.04
9.0520e-07,-0.004,-0.004,0.06,0.04
9.0560e-07,-0.004,-0.004,0.02,0.08
9.0600e-07,-0.012,-0.004,0.1,0.08
9.0640e-07,-0.004,0.004,0.06,0.12
9.0680e-07,-0.004,0.004,0.02,0.08
9.0720e-07,0.004,-0.004,0.06,0.04
9.0760e-07,0.004,0.004,0.06,0.08
9.0800e-07,-0.004,0.004,0.06,0.08
9.0840e-07,0.004,-0.004,0.06,0.08
9.0880e-07,-0.004,-0.004,0.06,0.04
9.0920e-07,0.004,0.004,0.06,0.08
9.0960e-07,-0.004,-0.004,0.06,0.12
9.1000e-07,-0.004,-0.004,0.06,0.04
9.1040e-07,0.004,-0.004,0.06,0.08
9.1080e-07,0.004,-0.012,0.1,0.12
9.1120e-07,-0.004,-0.004,0.06,0.08
9.1160e-07,-0.004,0.004,0.02,0.08
9.1200e-07,-0.004,-0.004,0.06,0.08
9.1240e-07,-0.004,0.004,0.06,0.08
9.1280e-07,-0.004,-0.004,0.02,0.04
9.1320e-07,0.012,0.004,0.02,0.12
9.1360e-07,-0.004,-0.004,0.1,0.04
9.1400e-07,0.004,0.004,0.02,0.08
9.1440e-07,0.004,0.004,0.02,0
9.1480e-07,-0.004,0.004,0.06,0.04
9.1520e-07,0.004,-0.004,0.02,0.04
9.1560e-07,-0.004,0.004,0.02,0.12
9.1600e-07,-0.012,-0.012,0.02,0.04
9.1640e-07,-0.004,0.004,0.02,0.04
9.1680e-07,0.004,-0.004,0.02,0.08
9.1720e-07,0.004,-0.004,0.1,0.08
9.1760e-07,-0.004,0.004,0.06,0.04
9.1800e-07,0.004,-0.004,0.02,0.08
9.1840e-07,-0.004,-0.004,0.02,0.04
9.1880e-07,0.004,-0.004,0.02,0.08
9.1920e-07,-0.004,-0.004,0.02,0.08
9.1960e-07,0.004,-0.004,0.02,0.12
9.2000e-07,-0.004,0.004,0.02,0.04
9.2040e-07,0.004,-0.004,0.06,0.04
9.2080e-07,0.004,-0.004,0.02,0.08
9.2120e-07,0.004,-0.004,0.06,0.04
9.2160e-07,-0.012,-0.004,0.06,0.08
9.2200e-07,-0.004,0.004,0.1,0.12
9.2240e-07,-0.004,-0.012,0.1,0.08
9.2280e-07,-0.004,-0.012,0.06,0.08
9.2320e-07,0.004,-0.004,0.06,0.08
9.2360e-07,0.004,0.004,0.02,0.08
9.2400e-07,-0.012,-0.004,0.06,0.08
9.2440e-07,0.004,-0.004,0.02,0.04
9.2480e-07,-0.012,-0.004,0.1,0
9.2520e-07,-0.004,-0.004,0.06,0.04
9.2560e-07,-0.012,0.004,0.06,0.04
9.2600e-07,-0.004,-0.004,0.1,0.08
9.2640e-07,-0.012,-0.004,0.02,0.04
9.2680e-07,-0.004,0.004,0.02,0.04
9.2720e-07,-0.012,0.004,0.02,0.08
9.2760e-07,-0.004,-0.012,0.02,0.08
9.2800e-07,-0.012,0.004,0.06,0.08
9.2840e-07,-0.012,-0.004,0.06,0.04
9.2880e-07,-0.012,-0.004,0.02,0.04
9.2920e-07,0.004,-0.004,0.06,0.08
9.2960e-07,-0.004,-0.004,0.06,0.12
9.3000e-07,-0.012,-0.004,0.02,0.08
9.3040e-07,-0.012,-0.004,0.06,0.08
9.3080e-07,-0.004,-0.004,0.06,0.04
9.3120e-07,-0.004,0.004,0.02,0.08
9.3160e-07,-0.02,-0.004,0.02,0.08
9.3200e-07,-0.004,0.004,0.06,0.08
9.3240e-07,-0.012,0.004,0.06,0.08
9.3280e-07,-0.012,-0.004,0.02,0.08
9.3320e-07,-0.012,-0.004,0.02,0.08
9.3360e-07,-0.004,0.004,0.02,0.08
9.3400e-07,-0.004,0.004,0.06,0.08
9.3440e-07,-0.012,-0.004,0.1,0.08
9.3480e-07,-0.004,-0.004,0.02,0.08
9.3520e-07,-0.012,-0.004,0.06,0.04
9.3560e-07,-0.004,0.012,0.1,0.08
9.3600e-07,-0.004,-0.004,0.02,0.08
9.3640e-07,-0.012,-0.004,0.06,0.08
9.3680e-07,-0.02,-0.004,0.06,0.04
9.3720e-07,-0.02,-0.012,0.02,0.04
9.3760e-07,-0.02,0.004,0.1,0.08
9.3800e-07,-0.02,-0.004,0.1,0.08
9.3840e-07,-0.02,0.004,0.02,0.08
9.3880e-07,-0.012,0.004,0.06,0.08
9.3920e-07,-0.012,0.004,0.02,0.04
9.3960e-07,-0.012,0.004,0.02,0.08
9.4000e-07,-0.012,-0.004,0.02,0.08
9.4040e-07,-0.004,-0.004,0.06,0.08
9.4080e-07,-0.004,0.004,0.1,0.08
9.4120e-07,-0.004,0.004,0.1,0.08
9.4160e-07,-0.004,0.012,0.02,0.12
9.4200e-07,0.004,0.004,0.1,0.08
9.4240e-07,-0.004,0.004,0.06,0.12
9.4280e-07,-0.004,-0.004,0.06,0.08
9.4320e-07,-0.004,-0.004,0.1,0.12
9.4360e-07,0.004,-0.012,0.1,0.12
9.4400e-07,-0.012,0.012,0.06,0.08
9.4440e-07,-0.004,0.004,0.06,0.08
9.4480e-07,-0.012,-0.004,0.02,0.08
9.4520e-07,-0.004,-0.004,0.02,0.08
9.4560e-07,-0.012,-0.004,0.02,0.08
9.4600e-07,-0.012,-0.004,0.02,0.08
9.4640e-07,-0.028,-0.004,0.02,0.12
9.4680e-07,-0.02,-0.004,0.06,0.08
9.4720e-07,-0.02,-0.004,0.06,0.04
9.4760e-07,-0.012,0.004,0.02,0.12
9.4800e-07,-0.004,-0.004,0.02,0.04
9.4840e-07,-0.012,0.004,0.06,0.08
9.4880e-07,-0.012,-0.004,0.06,0.08
9.4920e-07,-0.012,-0.004,0.06,0.04
9.4960e-07,-0.004,-0.012,0.06,0.08
9.5000e-07,0.004,-0.004,0.02,0.04
9.5040e-07,-0.004,-0.004,0.02,0.04
9.5080e-07,0.004,-0.004,0.02,0.04
9.5120e-07,0.004,-0.004,0.02,0.08
9.5160e-07,-0.004,0.004,0.02,0.12
9.5200e-07,-0.004,-0.004,0.02,0.04
9.5240e-07,0.004,-0.004,0.02,0.08
9.5280e-07,0.004,0.004,0.06,0.04
9.5320e-07,-0.012,0.004,0.1,0.08
9.5360e-07,-0.004,0.012,0.06,0.12
9.5400e-07,0.004,-0.004,0.02,0.08
9.5440e-07,0.004,0.004,0.02,0.12
9.5480e-07,0.004,-0.004,0.06,0.04
9.5520e-07,-0.004,0.004,0.06,0.08
9.5560e-07,-0.004,-0.004,0.02,0.08
9.5600e-07,-0.004,0.004,0.02,0.08
9.5640e-07,0.004,0.004,-0.02,0.08
9.5680e-07,-0.004,-0.004,0.06,0.08
9.5720e-07,0.004,-0.004,0.02,0.08
9.5760e-07,0.004,0.004,0.02,0.04
9.5800e-07,0.004,-0.004,0.02,0.08
9.5840e-07,0.004,-0.004,0.06,0.08
9.5880e-07,-0.004,-0.004,0.06,0.08
9.5920e-07,0.004,0.004,0.02,0.04
9.5960e-07,-0.004,-0.012,0.06,0.04
9.6000e-07,-0.004,0.004,-0.02,0.04
9.6040e-07,0.004,-0.004,-0.02,0.08
9.6080e-07,0.004,0.004,0.02,0.12
9.6120e-07,-0.004,-0.004,0.02,0.08
9.6160e-07,0.004,-0.004,0.02,0.08
9.6200e-07,-0.004,-0.012,0.02,0.08
9.6240e-07,-0.004,-0.004,0.02,0.08
9.6280e-07,0.004,-0.004,0.06,0.04
9.6320e-07,-0.012,-0.004,0.02,0.08
9.6360e-07,-0.004,-0.004,0.06,0.08
9.6400e-07,-0.004,-0.004,0.1,0.08
9.6440e-07,0.012,0.004,0.1,0.08
9.6480e-07,0.004,0.004,0.06,0.04
9.6520e-07,0.004,0.004,0.02,0.08
9.6560e-07,0.004,0.004,0.02,0.08
9.6600e-07,-0.004,0.004,0.06,0.08
9.6640e-07,0.004,-0.004,0.06,0.08
9.6680e-07,0.004,-0.004,0.1,0.12
9.6720e-07,0.004,-0.004,0.06,0.12
9.6760e-07,-0.004,-0.004,0.06,0.08
9.6800e-07,-0.004,-0.004,0.1,0.12
9.6840e-07,-0.004,-0.004,0.06,0.08
9.6880e-07,-0.004,-0.004,0.02,0.08
9.6920e-07,0.004,0.004,0.02,0.08
9.6960e-07,0.004,-0.004,0.06,0.08
9.7000e-07,0.004,0.004,0.02,0.12
9.7040e-07,-0.004,-0.004,0.02,0.08
9.7080e-07,0.004,0.012,0.02,0.08
9.7120e-07,-0.004,0.004,0.02,0.04
9.7160e-07,-0.004,-0.004,0.02,0.08
9.7200e-07,-0.004,0.004,0.02,0.08
9.7240e-07,-0.004,0.004,0.02,0.08
9.7280e-07,0.012,0.004,0.06,0.08
9.7320e-07,0.004,-0.004,0.06,0.08
9.7360e-07,0.012,-0.004,0.06,0.08
9.7400e-07,0.004,-0.004,0.06,0.12
9.7440e-07,-0.012,0.004,0.02,0.08
9.7480e-07,-0.004,-0.004,0.02,0.04
9.7520e-07,-0.012,0.004,-0.02,0.08
9.7560e-07,-0.004,0.004,0.1,0.12
9.7600e-07,-0.004,0.004,0.06,0.08
9.7640e-07,-0.004,-0.004,0.02,0.08
9.7680e-07,-0.004,0.004,0.02,0.08
9.7720e-07,-0.004,0.004,0.06,0.08
9.7760e-07,-0.004,0.004,-0.02,0.08
9.7800e-07,-0.004,-0.004,0.02,0.08
9.7840e-07,-0.012,0.004,0.06,0.08
9.7880e-07,-0.004,-0.004,0.02,0.08
9.7920e-07,-0.004,0.004,0.02,0.08
9.7960e-07,-0.004,-0.004,0.02,0.08
9.8000e-07,0.004,-0.004,0.02,0.08
9.8040e-07,0.004,-0.004,0.02,0.08
9.8080e-07,0.004,-0.004,0.02,0.08
9.8120e-07,-0.004,-0.004,0.02,0.04
9.8160e-07,-0.004,-0.004,0.02,0.08
9.8200e-07,0.004,0.004,0.02,0.08
9.8240e-07,0.004,0.004,0.06,0.08
9.8280e-07,0.004,0.004,0.1,0.08
9.8320e-07,-0.004,-0.004,0.1,0.04
9.8360e-07,0.004,-0.004,0.02,0.12
9.8400e-07,0.004,-0.004,0.1,0.08
9.8440e-07,-0.004,-0.012,0.02,0.12
9.8480e-07,-0.004,-0.004,0.02,0.08
9.8520e-07,-0.004,-0.004,0.06,0.08
9.8560e-07,-0.004,-0.012,0.02,0.04
9.8600e-07,-0.004,-0.004,0.02,0.08
9.8640e-07,0.004,0.004,0.02,0.08
9.8680e-07,0.004,-0.012,0.02,0.04
9.8720e-07,-0.004,-0.004,0.06,0.04
9.8760e-07,0.004,0.004,0.02,0.04
9.8800e-07,-0.004,0.004,0.06,0.04
9.8840e-07,-0.004,0.004,0.02,0.04
9.8880e-07,-0.004,-0.012,0.02,0.08
9.8920e-07,-0.004,-0.004,0.02,0.08
9.8960e-07,-0.004,-0.004,0.06,0.04
9.9000e-07,-0.004,-0.004,0.06,0.08
9.9040e-07,-0.004,-0.004,0.06,0.08
9.9080e-07,-0.004,-0.004,0.06,0.08
9.9120e-07,-0.012,-0.004,0.06,0.08
9.9160e-07,-0.012,0.004,0.06,0.04
9.9200e-07,-0.004,0.004,0.06,0.08
9.9240e-07,0.004,-0.004,0.06,0.08
9.9280e-07,-0.004,-0.004,-0.02,0.08
9.9320e-07,0.004,0.004,0.02,0.08
9.9360e-07,0.004,-0.004,0.06,0.04
9.9400e-07,-0.004,-0.004,0.06,0.08
9.9440e-07,-0.004,-0.004,0.06,0.08
9.9480e-07,0.004,-0.004,0.02,0.08
9.9520e-07,0.004,-0.004,0.06,0.04
9.9560e-07,-0.004,-0.004,0.02,0.04
9.9600e-07,0.004,0.004,0.02,0.08
9.9640e-07,-0.004,0.004,0.02,0.12
9.9680e-07,0.004,0.004,0.02,0.08
9.9720e-07,-0.004,-0.004,0.1,0.08
9.9760e-07,0.004,-0.004,0.1,0.04
9.9800e-07,0.004,-0.004,0.06,0.08
9.9840e-07,0.004,0.004,0.1,0.08
9.9880e-07,-0.012,-0.004,0.06,0.04
9.9920e-07,-0.004,0.004,0.06,0.08
9.9960e-07,0.004,0.004,0.06,0.12
1.0000e-06,-0.004,-0.004,0.06,0.16
1.0004e-06,-0.004,0.004,0.02,0.12
1.0008e-06,-0.004,0.004,0.06,0.12
1.0012e-06,0.004,0.004,0.02,0.08
1.0016e-06,-0.004,-0.004,0.02,0.04
1.0020e-06,0.004,-0.004,0.06,0.08
1.0024e-06,-0.012,0.004,0.02,0.08
1.0028e-06,-0.004,-0.004,0.02,0.08
1.0032e-06,-0.004,-0.004,0.1,0.08
1.0036e-06,0.004,-0.012,0.02,0.12
1.0040e-06,0.004,-0.012,0.06,0.08
1.0044e-06,-0.012,-0.012,0.1,0.12
1.0048e-06,-0.004,-0.012,0.06,0.08
1.0052e-06,-0.004,-0.012,0.02,0.04
1.0056e-06,0.012,-0.02,0.02,0.08
1.0060e-06,0.004,-0.012,0.02,0.08
1.0064e-06,0.004,-0.012,0.02,0.04
1.0068e-06,-0.004,-0.012,0.06,0
1.0072e-06,0.012,-0.012,0.06,0.04
1.0076e-06,0.012,-0.012,0.06,0.04
1.0080e-06,0.004,-0.004,0.1,0.08
1.0084e-06,0.004,-0.012,0.1,0.08
1.0088e-06,-0.004,-0.012,0.02,0.08
1.0092e-06,0.004,-0.012,0.02,0.08
1.0096e-06,-0.004,0.004,0.02,0.04
1.0100e-06,-0.004,-0.004,0.06,0.04
1.0104e-06,-0.004,0.004,0.1,0.12
1.0108e-06,0.012,-0.012,0.06,0.04
1.0112e-06,0.004,-0.004,0.02,0.04
1.0116e-06,0.004,-0.004,0.06,0
1.0120e-06,0.004,-0.004,0.06,0.04
1.0124e-06,0.004,-0.004,0.1,0.08
1.0128e-06,-0.012,0.004,0.06,0.08
1.0132e-06,0.004,-0.004,0.06,0.08
1.0136e-06,0.004,-0.004,0.1,0.04
1.0140e-06,0.012,-0.012,0.06,0.08
1.0144e-06,0.004,-0.004,0.06,0.08
1.0148e-06,-0.004,0.004,0.06,0.04
1.0152e-06,0.004,-0.004,0.06,0.04
1.0156e-06,-0.004,-0.004,0.06,0.04
1.0160e-06,0.004,-0.004,0.06,0.08
1.0164e-06,-0.004,0.004,0.06,0.08
1.0168e-06,0.004,0.004,0.06,0.08
1.0172e-06,-0.004,0.004,0.06,0.08
1.0176e-06,-0.004,0.004,0.06,0.04
1.0180e-06,-0.012,-0.004,0.06,0.12
1.0184e-06,-0.012,-0.004,0.06,0.08
1.0188e-06,-0.012,-0.004,0.06,0.12
1.0192e-06,-0.012,-0.012,0.02,0.12
1.0196e-06,-0.012,0.004,0.02,0.08
1.0200e-06,-0.012,0.004,0.02,0.08
1.0204e-06,-0.004,-0.004,0.1,0.08
1.0208e-06,-0.012,0.004,0.02,0.08
1.0212e-06,-0.004,-0.004,0.02,0.04
1.0216e-06,-0.004,0.004,0.02,0.04
1.0220e-06,-0.004,0.004,0.06,0.08
1.0224e-06,0.004,0.004,0.02,0.08
1.0228e-06,-0.004,-0.004,0.06,0.04
1.0232e-06,0.004,-0.004,0.02,0.04
1.0236e-06,-0.004,-0.004,0.02,0.12
1.0240e-06,0.004,-0.004,0.02,0.08
1.0244e-06,-0.004,-0.004,0.02,0.08
1.0248e-06,-0.004,-0.004,0.02,0.04
1.0252e-06,-0.004,0.012,0.02,0.04
1.0256e-06,-0.004,0.012,0.02,0.08
1.0260e-06,0.004,-0.012,-0.02,0.08
1.0264e-06,-0.004,-0.004,0.02,0.08
1.0268e-06,-0.004,-0.004,0.02,0
1.0272e-06,-0.004,0.004,0.02,0
1.0276e-06,-0.004,-0.012,0.06,0.04
1.0280e-06,-0.004,-0.004,0.06,0.08
1.0284e-06,-0.004,-0.004,0.02,0.08
1.0288e-06,-0.004,-0.004,0.02,0.08
1.0292e-06,0.004,-0.012,0.02,0.12
1.0296e-06,-0.004,-0.004,0.02,0.08
1.0300e-06,-0.004,-0.004,0.06,0.08
1.0304e-06,-0.004,0.004,0.02,0.08
1.0308e-06,0.004,0.004,0.02,0.04
1.0312e-06,-0.004,0.004,0.1,0.04
1.0316e-06,0.004,0.004,0.02,0.04
1.0320e-06,-0.004,-0.004,0.02,0.04
1.0324e-06,-0.004,-0.004,0.02,0.08
1.0328e-06,0.004,-0.004,0.02,0.08
1.0332e-06,-0.004,-0.004,0.02,0.08
1.0336e-06,0.004,0.004,0.06,0.04
1.0340e-06,-0.004,-0.004,0.1,0.08
1.0344e-06,-0.012,0.004,0.1,0.04
1.0348e-06,-0.012,0.004,0.1,0.12
1.0352e-06,-0.004,-0.004,0.02,0.08
1.0356e-06,-0.004,0.004,-0.02,0.08
1.0360e-06,0.004,-0.004,0.06,0.04
1.0364e-06,0.012,0.004,0.06,0.04
1.0368e-06,-0.004,0.004,-0.02,0.04
1.0372e-06,-0.004,-0.012,0.06,0.08
1.0376e-06,0.004,-0.012,0.06,0.12
1.0380e-06,0.004,-0.004,0.06,0.08
1.0384e-06,-0.004,0.004,0.06,0
1.0388e-06,-0.004,-0.012,0.06,0.08
1.0392e-06,-0.004,0.004,0.06,0.08
1.0396e-06,-0.004,-0.004,0.06,0.12
1.0400e-06,0.004,0.004,0.1,0.08
1.0404e-06,-0.004,-0.004,0.06,0.08
1.0408e-06,0.004,0.004,0.02,0.04
1.0412e-06,-0.004,-0.004,-0.02,0.04
1.0416e-06,-0.004,-0.012,0.02,0.08
1.0420e-06,-0.004,-0.004,0.06,0.12
1.0424e-06,0.004,-0.004,0.06,0.08
1.0428e-06,0.004,-0.004,0.02,0.08
1.0432e-06,-0.004,-0.004,0.06,0.12
1.0436e-06,0.004,-0.004,0.06,0.12
1.0440e-06,0.004,-0.004,0.06,0.12
1.0444e-06,0.004,-0.012,0.02,0.08
1.0448e-06,0.004,-0.004,0.06,0.12
1.0452e-06,0.004,-0.004,-0.02,0.08
1.0456e-06,-0.004,-0.012,0.02,0.12
1.0460e-06,-0.004,0.004,0.02,0.12
1.0464e-06,0.012,-0.004,0.02,0.08
1.0468e-06,0.004,-0.004,0.06,0.08
1.0472e-06,-0.004,-0.004,0.02,0.04
1.0476e-06,-0.004,-0.004,0.1,0.08
1.0480e-06,-0.004,0.004,0.06,0.08
1.0484e-06,0.004,-0.004,0.02,0.04
1.0488e-06,0.004,-0.004,0.06,0.08
1.0492e-06,0.004,-0.004,0.02,0.08
1.0496e-06,-0.004,-0.004,0.02,0.12
1.0500e-06,0.004,0.004,0.06,0.08
1.0504e-06,0.004,0.012,0.02,0.04
1.0508e-06,-0.012,0.004,0.1,0.08
1.0512e-06,-0.004,-0.004,0.06,0.08
1.0516e-06,0.004,-0.004,0.02,0.08
1.0520e-06,-0.004,0.004,0.02,0.08
1.0524e-06,-0.004,0.012,0.06,0.12
1.0528e-06,-0.004,0.004,0.06,0.08
1.0532e-06,-0.004,-0.004,0.02,0.04
1.0536e-06,-0.012,-0.004,0.02,0.04
1.0540e-06,-0.004,-0.004,0.02,0.04
1.0544e-06,-0.004,0.004,0.06,0.04
1.0548e-06,-0.004,0.004,0.06,0.12
1.0552e-06,-0.004,0.004,0.06,0.08
1.0556e-06,-0.004,-0.004,0.02,0.08
1.0560e-06,-0.004,0.004,-0.02,0.04
1.0564e-06,0.004,0.012,0.1,0.08
1.0568e-06,0.004,0.004,0.06,0.12
1.0572e-06,0.004,-0.004,0.02,0.08
1.0576e-06,0.004,-0.004,0.02,0.04
1.0580e-06,0.012,-0.004,0.02,0.08
1.0584e-06,-0.004,0.004,0.06,0.08
1.0588e-06,-0.004,0.004,0.1,0.08
1.0592e-06,-0.004,-0.004,0.06,0.04
1.0596e-06,-0.004,-0.004,0.02,0.08
1.0600e-06,-0.004,-0.004,0.06,0.04
1.0604e-06,0.004,0.004,0.06,0.08
1.0608e-06,-0.004,-0.004,0.06,0.08
1.0612e-06,0.012,0.004,0.06,0.08
1.0616e-06,0.004,-0.004,0.06,0.12
1.0620e-06,0.004,-0.004,0.06,0.08
1.0624e-06,0.004,-0.012,0.02,0.08
1.0628e-06,0.004,-0.004,0.02,0.08
1.0632e-06,0.004,0.004,0.06,0.08
1.0636e-06,0.004,-0.004,0.02,0.04
1.0640e-06,0.004,0.004,0.06,0.04
1.0644e-06,-0.004,-0.004,0.06,0.04
1.0648e-06,0.004,0.004,0.02,0.08
1.0652e-06,0.004,-0.004,0.06,0.04
1.0656e-06,0.004,0.004,0.1,0.04
1.0660e-06,0.012,-0.004,0.02,0.04
1.0664e-06,0.004,-0.004,0.06,0.04
1.0668e-06,-0.004,0.004,0.06,0.08
1.0672e-06,0.004,-0.004,0.02,0.04
1.0676e-06,0.004,-0.004,0.02,0.04
1.0680e-06,0.004,0.004,0.02,0.08
1.0684e-06,-0.004,-0.004,0.06,0.08
1.0688e-06,-0.004,-0.004,0.02,0.08
1.0692e-06,-0.004,-0.004,0.02,0.04
1.0696e-06,-0.004,-0.004,0.02,0.08
1.0700e-06,-0.004,0.004,0.02,0.12
1.0704e-06,0.004,-0.004,0.02,0.08
1.0708e-06,0.004,-0.004,0.06,0
1.0712e-06,-0.004,-0.004,0.02,0.08
1.0716e-06,-0.004,-0.004,0.06,0.08
1.0720e-06,0.004,-0.004,0.06,0.08
1.0724e-06,0.004,0.004,0.02,0.08
1.0728e-06,-0.004,0.004,0.06,0.08
1.0732e-06,0.004,-0.004,0.02,0.08
1.0736e-06,0.004,-0.004,0.06,0.08
1.0740e-06,-0.004,-0.004,0.02,0.08
1.0744e-06,-0.004,-0.004,0.02,0.04
1.0748e-06,0.004,-0.004,0.06,0.08
1.0752e-06,-0.004,0.004,0.02,0.08
1.0756e-06,-0.004,-0.004,0.06,0.08
1.0760e-06,-0.004,-0.004,0.02,0.08
1.0764e-06,-0.004,0.004,0.02,0.08
1.0768e-06,-0.004,-0.004,0.06,0.12
1.0772e-06,0.004,-0.004,0.06,0.08
1.0776e-06,0.004,-0.004,0.06,0.08
1.0780e-06,0.004,-0.004,0.06,0.08
1.0784e-06,0.004,-0.004,0.02,0.08
1.0788e-06,-0.012,-0.004,0.02,0.08
1.0792e-06,0.004,-0.004,0.06,0.04
1.0796e-06,-0.004,-0.004,0.1,0.04
1.0800e-06,-0.004,-0.004,0.02,0.04
1.0804e-06,0.004,-0.004,0.02,0.08
1.0808e-06,-0.004,-0.004,0.02,0.08
1.0812e-06,0.004,-0.004,0.02,0.08
1.0816e-06,0.004,0.004,0.02,0.04
1.0820e-06,0.004,-0.012,0.1,0.08
1.0824e-06,0.004,-0.012,0.1,0.08
1.0828e-06,0.012,-0.004,0.02,0.04
1.0832e-06,0.004,-0.012,0.06,0.12
1.0836e-06,0.004,-0.004,0.06,0.08
1.0840e-06,0.004,-0.012,0.06,0.12
1.0844e-06,0.004,-0.004,0.06,0
1.0848e-06,0.004,-0.004,0.02,0.08
1.0852e-06,0.004,-0.004,0.02,0.08
1.0856e-06,0.004,-0.004,0.06,0.08
1.0860e-06,0.004,0.004,0.02,0.08
1.0864e-06,0.004,-0.012,0.02,0.08
1.0868e-06,-0.004,0.004,-0.06,0.08
1.0872e-06,-0.012,-0.004,0.02,0.08
1.0876e-06,-0.012,-0.004,0.06,0.08
1.0880e-06,-0.02,-0.004,0.06,0.04
1.0884e-06,-0.004,0.004,0.02,0.04
1.0888e-06,-0.02,0.004,0.02,0.12
1.0892e-06,-0.012,-0.004,0.06,0.08
1.0896e-06,-0.004,0.004,0.1,0.08
1.0900e-06,-0.02,-0.004,0.02,0.04
1.0904e-06,-0.012,-0.004,0.02,0.12
1.0908e-06,-0.004,-0.004,0.06,0.08
1.0912e-06,-0.004,0.004,0.1,0.08
1.0916e-06,-0.004,0.004,0.06,0.12
1.0920e-06,0.004,0.004,0.1,0.08
1.0924e-06,0.004,-0.012,0.02,0.08
1.0928e-06,-0.004,0.004,0.06,0.04
1.0932e-06,0.004,-0.004,0.02,0.08
1.0936e-06,-0.004,-0.004,0.02,0.04
1.0940e-06,-0.004,0.004,0.06,0.08
1.0944e-06,-0.012,0.004,0.06,0.08
1.0948e-06,-0.012,-0.004,0.02,0.08
1.0952e-06,-0.02,0.004,0.02,0.04
1.0956e-06,-0.02,-0.004,0.06,0.04
1.0960e-06,-0.036,0.004,-0.02,0.04
1.0964e-06,-0.044,-0.012,0.02,0.04
1.0968e-06,-0.052,-0.004,0.06,0.08
1.0972e-06,-0.036,-0.004,0.02,0.08
1.0976e-06,-0.036,0.004,0.06,0.08
1.0980e-06,-0.036,0.004,0.1,0.04
1.0984e-06,-0.02,-0.004,0.06,0.04
1.0988e-06,-0.02,-0.004,0.06,0.04
1.0992e-06,-0.028,0.004,0.06,0.08
1.0996e-06,-0.02,0.004,0.02,0.08
1.1000e-06,-0.012,0.004,0.02,0.08
1.1004e-06,-0.012,0.004,0.02,0.12
1.1008e-06,-0.012,0.004,0.06,0.12
1.1012e-06,-0.012,0.004,0.06,0.08
1.1016e-06,-0.012,-0.004,0.06,0.04
1.1020e-06,-0.012,0.004,0.02,0.12
1.1024e-06,-0.012,0.004,0.06,0.08
1.1028e-06,-0.004,-0.012,0.06,0.08
1.1032e-06,-0.012,-0.004,0.06,0.08
1.1036e-06,-0.004,-0.004,0.1,0.08
1.1040e-06,-0.004,0.004,0.1,0.12
1.1044e-06,-0.012,0.004,0.06,0.08
1.1048e-06,-0.02,-0.004,0.06,0.08
1.1052e-06,-0.012,-0.004,0.06,0.12
1.1056e-06,-0.012,0.004,0.02,0.12
1.1060e-06,-0.012,-0.004,0.02,0.12
1.1064e-06,-0.012,-0.004,0.06,0.08
1.1068e-06,-0.004,0.004,0.06,0.08
1.1072e-06,-0.004,-0.004,0.1,0.08
1.1076e-06,-0.004,-0.004,0.02,0.08
1.1080e-06,-0.012,-0.004,0.02,0.04
1.1084e-06,0.004,0.004,0.02,0.04
1.1088e-06,-0.004,-0.004,0.02,0.08
1.1092e-06,0.004,-0.004,0.02,0.08
1.1096e-06,0.004,-0.004,0.06,0.08
1.1100e-06,0.004,-0.004,0.06,0.04
1.1104e-06,0.004,0.004,0.02,0.12
1.1108e-06,0.004,0.004,0.06,0.08
1.1112e-06,-0.004,0.004,0.02,0.04
1.1116e-06,-0.004,-0.004,0.06,0.04
1.1120e-06,-0.004,-0.012,0.06,0.04
1.1124e-06,-0.004,-0.004,0.06,0.08
1.1128e-06,-0.004,0.004,0.02,0.08
1.1132e-06,-0.004,0.004,0.02,0.08
1.1136e-06,-0.012,0.004,0.02,0.08
1.1140e-06,-0.02,-0.004,0.06,0.04
1.1144e-06,-0.02,-0.004,0.02,0.08
1.1148e-06,-0.02,0.004,0.02,0.12
1.1152e-06,-0.012,-0.004,-0.02,0.08
1.1156e-06,-0.012,0.004,-0.02,0.08
1.1160e-06,-0.004,0.004,0.02,0.08
1.1164e-06,-0.012,-0.004,0.02,0.08
1.1168e-06,-0.02,-0.004,0.06,0.08
1.1172e-06,-0.012,0.004,0.02,0.08
1.1176e-06,-0.004,-0.004,0.06,0.12
1.1180e-06,-0.012,-0.004,0.06,0.08
1.1184e-06,-0.012,-0.004,0.02,0.08
1.1188e-06,-0.004,0.004,0.02,0.08
1.1192e-06,0.004,-0.004,0.06,0.08
1.1196e-06,0.004,-0.004,-0.02,0.08
1.1200e-06,-0.004,-0.004,0.02,0.08
1.1204e-06,-0.012,0.004,0.02,0.12
1.1208e-06,-0.012,-0.004,0.1,0.12
1.1212e-06,-0.004,0.004,0.02,0.04
1.1216e-06,0.004,-0.004,0.02,0.08
1.1220e-06,0.004,-0.004,0.06,0.04
1.1224e-06,-0.004,0.004,0.1,0.04
1.1228e-06,0.004,-0.004,0.06,0.04
1.1232e-06,-0.004,-0.004,0.06,0.08
1.1236e-06,0.004,-0.004,0.06,0.08
1.1240e-06,-0.004,-0.012,0.06,0.04
1.1244e-06,0.004,0.004,0.02,0.08
1.1248e-06,-0.004,-0.004,0.06,0.04
1.1252e-06,0.004,0.004,0.1,0.08
1.1256e-06,-0.004,0.004,0.06,0.04
1.1260e-06,-0.004,0.004,0.06,0.04
1.1264e-06,0.004,-0.004,0.06,0.08
1.1268e-06,-0.004,0.004,0.1,0.08
1.1272e-06,0.004,-0.004,0.06,0.08
1.1276e-06,0.004,-0.004,0.06,0.08
1.1280e-06,-0.004,-0.004,0.06,0
1.1284e-06,-0.012,-0.004,0.1,0.04
1.1288e-06,-0.004,0.004,0.02,0.04
1.1292e-06,-0.004,-0.004,0.06,0.08
1.1296e-06,-0.004,-0.004,0.06,0.04
1.1300e-06,-0.004,0.004,0.02,0.08
1.1304e-06,-0.012,0.004,0.02,0.08
1.1308e-06,-0.012,0.004,0.02,0.08
1.1312e-06,-0.004,-0.004,0.02,0.08
1.1316e-06,0.004,0.004,0.06,0.12
1.1320e-06,-0.012,-0.004,0.06,0.08
1.1324e-06,-0.012,0.004,0.02,0.04
1.1328e-06,-0.004,0.004,0.06,0.04
1.1332e-06,-0.004,-0.004,0.02,0.08
1.1336e-06,-0.004,-0.004,0.06,0.08
1.1340e-06,-0.004,-0.004,0.06,0.08
1.1344e-06,0.004,0.004,0.06,0.08
1.1348e-06,-0.004,-0.004,0.06,0.08
1.1352e-06,-0.004,-0.004,0.02,0.08
1.1356e-06,-0.004,-0.004,0.06,0.04
1.1360e-06,-0.004,0.004,0.1,0.08
1.1364e-06,-0.004,-0.004,0.06,0.08
1.1368e-06,0.004,-0.004,0.06,0.08
1.1372e-06,0.004,-0.004,0.06,0.08
1.1376e-06,-0.004,0.004,0.06,0.08
1.1380e-06,-0.004,-0.004,0.1,0.04
1.1384e-06,-0.004,0.004,0.02,0.04
1.1388e-06,-0.004,-0.004,0.06,0.04
1.1392e-06,-0.004,0.004,0.1,0.08
1.1396e-06,-0.004,0.004,0.06,0.12
1.1400e-06,-0.004,0.004,0.02,0.04
1.1404e-06,-0.004,-0.004,0.06,0.08
1.1408e-06,0.004,-0.004,0.02,0.04
1.1412e-06,0.012,-0.004,0.1,0.08
1.1416e-06,0.004,0.004,0.1,0.08
1.1420e-06,-0.004,0.004,0.06,0.08
1.1424e-06,0.004,-0.004,0.02,0.08
1.1428e-06,0.004,0.004,0.02,0.04
1.1432e-06,0.004,0.004,0.02,0.08
1.1436e-06,0.004,-0.004,0.02,0.08
1.1440e-06,-0.004,0.004,0.02,0.04
1.1444e-06,-0.004,0.004,0.06,0.08
1.1448e-06,-0.004,0.004,0.02,0.04
1.1452e-06,-0.004,-0.004,0.06,0.08
1.1456e-06,0.004,-0.004,0.06,0.08
1.1460e-06,-0.004,-0.004,0.02,0.08
1.1464e-06,-0.004,0.004,0.06,0.08
1.1468e-06,-0.004,0.004,0.02,0.04
1.1472e-06,-0.004,-0.004,0.02,0.08
1.1476e-06,-0.004,0.004,0.06,0.08
1.1480e-06,-0.004,-0.004,0.06,0.08
1.1484e-06,0.004,0.004,0.1,0.04
1.1488e-06,0.004,0.004,0.06,0.04
1.1492e-06,-0.012,0.004,0.06,0.04
1.1496e-06,0.004,0.004,0.06,0.04
1.1500e-06,-0.004,0.004,0.06,0.12
1.1504e-06,-0.004,-0.004,0.02,0.08
1.1508e-06,0.004,-0.012,0.06,0.08
1.1512e-06,-0.004,-0.004,0.02,0.08
1.1516e-06,-0.004,-0.004,0.06,0.08
1.1520e-06,0.012,0.004,0.1,0.12
1.1524e-06,-0.004,0.004,0.02,0.08
1.1528e-06,-0.004,-0.004,0.06,0.04
1.1532e-06,0.004,-0.012,0.1,0.08
1.1536e-06,-0.012,-0.004,0.06,0.08
1.1540e-06,-0.004,-0.004,0.06,0.08
1.1544e-06,0.004,0.004,0.06,0.04
1.1548e-06,-0.004,0.004,0.06,0.12
1.1552e-06,0.004,-0.004,0.02,0.08
1.1556e-06,0.004,0.004,0.06,0.08
1.1560e-06,-0.004,0.004,0.02,0.08
1.1564e-06,-0.012,0.004,0.06,0.08
1.1568e-06,-0.02,0.004,0.02,0.04
1.1572e-06,-0.012,-0.004,0.06,0.08
1.1576e-06,-0.012,-0.004,0.06,0.08
1.1580e-06,-0.012,-0.004,0.02,0.04
1.1584e-06,-0.012,-0.012,0.1,0.08
1.1588e-06,-0.012,-0.004,0.06,0.04
1.1592e-06,-0.012,0.004,0.1,0.08
1.1596e-06,-0.012,0.004,0.1,0.08
1.1600e-06,-0.004,0.004,0.06,0.08
1.1604e-06,-0.004,0.004,0.02,0.08
1.1608e-06,-0.004,0.004,0.02,0.08
1.1612e-06,0.004,0.004,0.02,0.08
1.1616e-06,0.004,-0.004,0.1,0.08
1.1620e-06,0.004,-0.004,0.02,0.08
1.1624e-06,-0.004,0.004,0.1,0.08
1.1628e-06,0.004,-0.004,0.06,0.12
1.1632e-06,-0.012,0.004,0.02,0.08
1.1636e-06,-0.004,-0.004,0.06,0.04
1.1640e-06,-0.012,0.004,0.02,0.08
1.1644e-06,-0.004,-0.004,0.02,0.08
1.1648e-06,-0.004,-0.004,0.02,0.08
1.1652e-06,-0.004,-0.004,0.06,0.08
1.1656e-06,0.004,-0.004,0.02,0.08
1.1660e-06,-0.004,-0.004,0.06,0
1.1664e-06,0.004,0.004,0.02,0.04
1.1668e-06,-0.004,0.004,0.06,0.04
1.1672e-06,0.012,-0.012,0.02,0.08
1.1676e-06,-0.004,-0.004,0.06,0.04
1.1680e-06,-0.004,0.004,0.06,0.04
1.1684e-06,-0.004,0.004,0.06,0.08
1.1688e-06,-0.004,0.004,0.06,0.12
1.1692e-06,0.004,-0.004,0.1,0.08
1.1696e-06,0.004,0.004,0.06,0.08
1.1700e-06,0.004,-0.004,0.06,0.04
1.1704e-06,0.004,-0.004,0.02,0.08
1.1708e-06,-0.004,0.004,0.06,0.08
1.1712e-06,-0.004,0.004,0.06,0.08
1.1716e-06,-0.004,0.004,0.02,0.08
1.1720e-06,0.004,-0.004,0.06,0.08
1.1724e-06,0.004,-0.004,0.02,0.08
1.1728e-06,-0.004,-0.004,0.02,0.08
1.1732e-06,-0.004,-0.004,0.06,0.08
1.1736e-06,0.004,-0.004,0.02,0.04
1.1740e-06,0.012,0.004,0.06,0.08
1.1744e-06,-0.012,0.004,0.06,0.08
1.1748e-06,0.004,-0.004,0.06,0.04
1.1752e-06,0.004,0.012,0.02,0.12
1.1756e-06,0.004,0.004,0.1,0.12
1.1760e-06,-0.004,0.004,0.06,0.12
1.1764e-06,0.004,0.004,0.06,0.08
1.1768e-06,0.004,-0.004,0.1,0.04
1.1772e-06,-0.004,0.004,0.02,0.04
1.1776e-06,-0.004,0.004,0.02,0.04
1.1780e-06,-0.004,0.004,0.06,0.08
1.1784e-06,0.004,0.004,0.1,0.08
1.1788e-06,-0.004,-0.004,0.02,0.08
1.1792e-06,0.004,-0.004,0.06,0.08
1.1796e-06,0.004,-0.004,0.1,0.08
1.1800e-06,0.004,-0.004,0.06,0.08
1.1804e-06,0.012,0.004,0.06,0.04
1.1808e-06,0.004,0.004,0.02,0.08
1.1812e-06,0.004,-0.004,0.06,0.12
1.1816e-06,-0.012,-0.004,0.1,0.12
1.1820e-06,-0.004,0.004,0.06,0.04
1.1824e-06,-0.004,-0.004,0.06,0.04
1.1828e-06,0.004,0.004,0.06,0.08
1.1832e-06,0.004,-0.004,0.06,0.08
1.1836e-06,0.004,-0.012,-0.02,0.08
1.1840e-06,-0.012,-0.004,0.02,0.04
1.1844e-06,-0.004,-0.004,0.02,0.08
1.1848e-06,-0.004,0.004,0.02,0.08
1.1852e-06,-0.004,-0.004,0.06,0.08
1.1856e-06,-0.004,0.004,0.02,0.04
1.1860e-06,0.012,-0.004,0.02,0.04
1.1864e-06,-0.004,0.004,0.02,0.08
1.1868e-06,0.004,-0.004,0.02,0.12
1.1872e-06,-0.004,0.004,0.02,0.08
1.1876e-06,-0.004,-0.004,0.06,0.08
1.1880e-06,-0.004,-0.004,0.02,0.08
1.1884e-06,0.004,-0.004,0.02,0.04
1.1888e-06,-0.004,-0.004,0.06,0.08
1.1892e-06,0.004,0.004,0.02,0.04
1.1896e-06,0.004,0.004,0.02,0.04
1.1900e-06,0.004,0.004,0.02,0.04
1.1904e-06,-0.004,-0.004,0.06,0.08
1.1908e-06,-0.004,0.004,0.02,0.08
1.1912e-06,-0.004,-0.004,0.06,0.04
1.1916e-06,0.004,-0.004,0.06,0.04
1.1920e-06,-0.004,-0.004,0.02,0.12
1.1924e-06,-0.004,0.004,0.06,0.08
1.1928e-06,0.004,0.004,0.02,0.08
1.1932e-06,0.004,-0.004,0.06,0.08
1.1936e-06,0.004,-0.012,0.06,0.08
1.1940e-06,0.012,0.004,0.06,0.08
1.1944e-06,-0.012,0.004,0.1,0.08
1.1948e-06,-0.004,0.004,0.06,0.08
1.1952e-06,-0.004,-0.004,0.06,0.08
1.1956e-06,-0.004,-0.004,0.06,0.04
1.1960e-06,-0.004,-0.004,0.06,0.08
1.1964e-06,-0.004,0.004,0.06,0.08
1.1968e-06,-0.004,-0.004,0.1,0.12
1.1972e-06,-0.004,-0.004,0.06,0.04
1.1976e-06,0.012,-0.004,0.1,0.08
1.1980e-06,0.004,0.004,0.02,0.08
1.1984e-06,-0.004,0.004,0.02,0.04
1.1988e-06,-0.004,-0.004,0.1,0.04
1.1992e-06,0.004,0.004,0.1,0.04
1.1996e-06,0.004,-0.004,0.06,0.04
1.2000e-06,0.012,0.004,0.02,0.08
1.2004e-06,0.012,-0.004,0.02,0.08
1.2008e-06,-0.004,0.004,0.02,0.08
1.2012e-06,-0.004,-0.004,0.02,0.12
1.2016e-06,0.004,0.004,0.02,0.08
1.2020e-06,-0.004,0.004,0.06,0.12
1.2024e-06,-0.004,0.004,0.1,0.12
1.2028e-06,0.004,0.004,0.06,0.08
1.2032e-06,-0.004,0.004,0.02,0.08
1.2036e-06,-0.004,-0.004,0.06,0.08
1.2040e-06,0.004,-0.004,0.06,0.08
1.2044e-06,-0.004,-0.004,0.1,0.04
1.2048e-06,0.004,0.004,0.06,0.08
1.2052e-06,-0.004,0.004,0.02,0.08
1.2056e-06,-0.004,-0.004,0.06,0.12
1.2060e-06,-0.004,-0.012,-0.02,0.08
1.2064e-06,0.004,-0.004,0.02,0.08
1.2068e-06,0.004,-0.004,0.02,0.08
1.2072e-06,0.004,0.012,0.1,0.04
1.2076e-06,-0.004,-0.004,0.06,0.08
1.2080e-06,-0.012,-0.004,0.06,0.08
1.2084e-06,-0.004,-0.012,0.1,0.04
1.2088e-06,-0.004,0.004,0.02,0.04
1.2092e-06,0.012,0.004,0.02,0.08
1.2096e-06,-0.004,0.004,0.1,0.08
1.2100e-06,-0.004,-0.012,0.06,0.08
1.2104e-06,-0.004,-0.004,0.1,0.08
1.2108e-06,0.004,-0.004,0.1,0.08
1.2112e-06,0.004,-0.004,0.02,0.04
1.2116e-06,0.012,-0.004,0.06,0.04
1.2120e-06,-0.004,-0.004,0.06,0.08
1.2124e-06,-0.004,-0.004,0.06,0.08
1.2128e-06,0.004,-0.004,0.1,0.04
1.2132e-06,-0.012,-0.004,0.06,0.08
1.2136e-06,-0.004,-0.004,0.02,0.04
1.2140e-06,-0.004,0.004,0.06,0.08
1.2144e-06,0.004,-0.004,0.02,0.12
1.2148e-06,0.012,-0.004,0.1,0.04
1.2152e-06,-0.004,-0.012,0.02,0.12
1.2156e-06,-0.004,-0.004,0.06,0.08
1.2160e-06,-0.004,-0.004,0.02,0.08
1.2164e-06,0.004,-0.012,0.06,0.08
1.2168e-06,-0.004,-0.012,0.06,0.04
1.2172e-06,-0.004,0.004,0.02,0.04
1.2176e-06,0.004,0.004,0.06,0.04
1.2180e-06,0.004,-0.004,0.1,0.08
1.2184e-06,0.004,0.004,0.06,0.04
1.2188e-06,0.004,-0.004,0.06,0.08
1.2192e-06,0.004,-0.004,0.02,0.08
1.2196e-06,0.004,0.004,0.02,0.08
1.2200e-06,0.004,-0.004,0.02,0.08
1.2204e-06,0.004,-0.004,0.02,0.08
1.2208e-06,-0.004,-0.004,0.06,0.04
1.2212e-06,-0.012,-0.004,0.06,0.08
1.2216e-06,0.004,0.004,0.06,0
1.2220e-06,-0.004,0.004,0.06,0.04
1.2224e-06,-0.004,-0.004,0.06,0.08
1.2228e-06,0.004,0.004,0.02,0.08
1.2232e-06,-0.004,-0.004,0.02,0.12
1.2236e-06,-0.004,-0.004,0.06,0.08
1.2240e-06,0.004,0.004,0.06,0.08
1.2244e-06,-0.004,0.004,0.02,0.04
1.2248e-06,-0.004,-0.004,-0.02,0.08
1.2252e-06,0.004,-0.004,0.02,0.08
1.2256e-06,0.004,-0.012,0.02,0.04
1.2260e-06,-0.004,-0.012,-0.02,0.04
1.2264e-06,-0.004,0.004,0.02,0.08
1.2268e-06,0.004,0.004,0.02,0.08
1.2272e-06,-0.004,-0.012,0.06,0.08
1.2276e-06,0.004,0.004,0.02,0.04
1.2280e-06,0.004,0.004,0.02,0.04
1.2284e-06,0.004,0.004,-0.02,0.08
1.2288e-06,-0.004,0.004,0.02,0.08
1.2292e-06,-0.004,0.004,0.06,0.04
1.2296e-06,-0.004,-0.004,-0.02,0.08
1.2300e-06,-0.004,-0.004,0.06,0.08
1.2304e-06,0.004,-0.004,0.06,0.08
1.2308e-06,-0.004,-0.004,0.06,0.04
1.2312e-06,0.004,-0.004,0.06,0.04
1.2316e-06,-0.004,-0.004,0.06,0.04
1.2320e-06,-0.004,-0.004,0.02,0.08
1.2324e-06,-0.004,-0.004,0.02,0.08
1.2328e-06,0.004,0.004,0.06,0.08
1.2332e-06,-0.012,0.004,0.06,0.04
1.2336e-06,-0.004,-0.004,0.1,0.04
1.2340e-06,-0.004,-0.004,0.06,0.08
1.2344e-06,0.004,0.004,0.06,0.08
1.2348e-06,-0.012,0.004,0.02,0.08
1.2352e-06,0.004,-0.004,0.02,0.08
1.2356e-06,0.004,0.004,0.02,0.04
1.2360e-06,0.012,-0.004,0.1,0.12
1.2364e-06,0.004,-0.004,0.02,0.04
1.2368e-06,0.004,-0.004,0.02,0.08
1.2372e-06,0.004,-0.004,0.02,0.08
1.2376e-06,0.004,0.004,0.06,0.08
1.2380e-06,-0.004,0.004,0.06,0.08
1.2384e-06,-0.004,0.012,0.06,0.08
1.2388e-06,-0.004,-0.004,0.06,0.04
1.2392e-06,0.004,-0.004,0.06,0.08
1.2396e-06,-0.004,0.004,0.06,0.08
1.2400e-06,-0.004,0.004,0.02,0.08
1.2404e-06,0.004,0.004,0.02,0.08
1.2408e-06,0.004,-0.004,0.02,0.08
1.2412e-06,-0.004,-0.004,0.02,0.08
1.2416e-06,0.004,-0.004,0.06,0.04
1.2420e-06,-0.004,-0.004,0.1,0.04
1.2424e-06,0.004,-0.004,0.02,0.08
1.2428e-06,-0.012,0.004,0.02,0.08
1.2432e-06,-0.004,0.004,0.02,0.12
1.2436e-06,-0.004,0.004,0.06,0.12
1.2440e-06,-0.004,-0.012,0.02,0.08
1.2444e-06,-0.004,-0.004,0.02,0.08
1.2448e-06,0.004,0.004,0.02,0.04
1.2452e-06,0.004,-0.004,0.06,0.12
1.2456e-06,-0.004,-0.004,0.06,0.08
1.2460e-06,0.012,-0.004,0.02,0.08
1.2464e-06,-0.004,-0.004,0.02,0.08
1.2468e-06,0.004,-0.004,0.06,0.12
1.2472e-06,-0.004,-0.004,0.02,0.08
1.2476e-06,-0.004,-0.004,0.02,0.08
1.2480e-06,0.012,-0.004,0.02,0.12
1.2484e-06,0.004,0.004,0.02,0.08
1.2488e-06,-0.004,-0.004,0.06,0.08
1.2492e-06,-0.004,0.004,0.06,0.04
1.2496e-06,-0.012,0.004,0.02,0.08
1.2500e-06,0.012,0.004,0.06,0.08
1.2504e-06,-0.004,0.004,0.06,0.04
1.2508e-06,0.004,0.004,0.02,0.04
1.2512e-06,0.004,-0.004,0.02,0.04
1.2516e-06,0.004,-0.004,0.06,0.04
1.2520e-06,-0.004,0.004,0.06,0.04
1.2524e-06,-0.004,0.004,0.06,0.04
1.2528e-06,-0.004,0.004,0.1,0.04
1.2532e-06,-0.004,-0.004,0.1,0.08
1.2536e-06,-0.004,0.004,0.06,0.04
1.2540e-06,-0.004,-0.004,0.1,0.08
1.2544e-06,-0.012,0.004,0.06,0.08
1.2548e-06,0.004,-0.004,0.1,0.08
1.2552e-06,0.004,-0.004,0.02,0.04
1.2556e-06,0.004,-0.004,0.02,0.08
1.2560e-06,0.004,0.004,0.02,0.12
1.2564e-06,0.004,0.004,0.1,0.12
1.2568e-06,0.004,0.004,0.02,0.08
1.2572e-06,-0.004,-0.004,0.06,0.04
1.2576e-06,-0.004,-0.004,0.1,0.08
1.2580e-06,-0.004,-0.004,0.02,0.08
1.2584e-06,-0.004,-0.004,0.06,0.04
1.2588e-06,-0.004,0.004,0.06,0.08
1.2592e-06,-0.004,-0.004,0.06,0.04
1.2596e-06,-0.004,-0.004,0.06,0.08
1.2600e-06,0.012,0.004,0.06,0.08
1.2604e-06,0.004,-0.004,0.1,0.08
1.2608e-06,-0.004,-0.004,0.06,0.04
1.2612e-06,-0.004,-0.004,0.06,0.04
1.2616e-06,0.012,0.004,0.02,0.08
1.2620e-06,0.004,0.004,0.06,0.08
1.2624e-06,-0.004,-0.004,0.02,0.08
1.2628e-06,0.012,-0.004,0.06,0.08
1.2632e-06,0.004,-0.004,0.02,0.08
1.2636e-06,0.004,-0.012,0.06,0.04
1.2640e-06,-0.004,0.004,0.02,0.04
1.2644e-06,-0.004,0.004,0.02,0.04
1.2648e-06,0.004,0.004,0.06,0.04
1.2652e-06,0.004,0.004,0.02,0.04
1.2656e-06,0.004,-0.004,0.02,0.08
1.2660e-06,-0.004,-0.004,0.02,0.04
1.2664e-06,-0.004,-0.004,0.06,0.04
1.2668e-06,0.012,-0.004,0.06,0.04
1.2672e-06,-0.004,-0.004,0.06,0.08
1.2676e-06,0.004,-0.004,-0.02,0.04
1.2680e-06,-0.004,-0.004,0.02,0.04
1.2684e-06,0.004,-0.004,0.06,0.08
1.2688e-06,-0.004,0.004,0.06,0.08
1.2692e-06,0.004,0.004,0.06,0.12
1.2696e-06,0.004,0.004,0.06,0.04
1.2700e-06,-0.004,-0.004,0.02,0.04
1.2704e-06,-0.004,0.004,0.02,0.08
1.2708e-06,0.004,0.004,0.06,0.08
1.2712e-06,-0.004,-0.004,0.06,0.08
1.2716e-06,-0.004,0.004,0.02,0.04
1.2720e-06,-0.012,-0.004,0.02,0.08
1.2724e-06,-0.004,-0.004,0.02,0.04
1.2728e-06,0.004,-0.004,0.06,0.04
1.2732e-06,-0.004,-0.004,0.02,0.04
1.2736e-06,-0.004,-0.004,0.02,0.04
1.2740e-06,0.004,-0.004,0.02,0.04
1.2744e-06,0.004,-0.004,0.02,0.04
1.2748e-06,-0.004,-0.004,0.06,0.04
1.2752e-06,-0.004,-0.004,0.02,0.04
1.2756e-06,0.004,0.012,0.02,0.08
1.2760e-06,0.004,-0.012,-0.02,0.08
1.2764e-06,-0.004,-0.004,0.02,0.08
1.2768e-06,-0.004,0.004,0.02,0.04
1.2772e-06,-0.004,0.004,0.02,0.08
1.2776e-06,-0.012,-0.004,0.06,0.08
1.2780e-06,-0.004,0.004,0.02,0.12
1.2784e-06,-0.004,0.004,0.02,0.08
1.2788e-06,0.004,-0.004,0.02,0.04
1.2792e-06,0.004,-0.012,0.02,0.04
1.2796e-06,-0.004,0.004,0.02,0.04
1.2800e-06,-0.004,-0.004,0.02,0.08
1.2804e-06,0.004,-0.004,0.02,0.04
1.2808e-06,0.004,-0.004,-0.02,0.08
1.2812e-06,0.004,-0.004,-0.02,0
1.2816e-06,-0.004,0.004,0.02,0.04
1.2820e-06,-0.004,-0.004,0.02,0.08
1.2824e-06,-0.012,0.004,0.06,0.04
1.2828e-06,-0.012,0.004,0.02,0.04
1.2832e-06,-0.012,-0.004,0.02,0.04
1.2836e-06,-0.012,-0.004,0.02,0.08
1.2840e-06,-0.012,-0.02,0.02,0.08
1.2844e-06,-0.012,-0.02,0.02,0.08
1.2848e-06,-0.012,-0.02,0.02,0.12
1.2852e-06,-0.004,-0.036,0.06,0.08
1.2856e-06,-0.004,-0.036,0.06,0.08
1.2860e-06,-0.004,-0.036,0.02,0
1.2864e-06,-0.004,-0.036,-0.02,0.04
1.2868e-06,-0.004,-0.02,0.06,0.04
1.2872e-06,0.004,-0.012,0.1,0
1.2876e-06,-0.004,-0.02,0.02,0.08
1.2880e-06,-0.004,-0.012,0.1,0.08
1.2884e-06,-0.004,-0.02,-0.02,0.04
1.2888e-06,-0.004,-0.012,0.02,0.08
1.2892e-06,0.004,-0.004,0.02,0.04
1.2896e-06,0.004,-0.004,0.06,0.04
1.2900e-06,0.004,-0.004,0.06,0.04
1.2904e-06,0.004,0.004,0.02,0.04
1.2908e-06,-0.004,0.004,0.06,0.08
1.2912e-06,-0.004,-0.004,-0.02,0.04
1.2916e-06,0.004,-0.004,0.06,0.08
1.2920e-06,0.012,-0.004,0.02,0.08
1.2924e-06,0.004,-0.004,0.06,0
1.2928e-06,0.004,-0.004,0.06,0.12
1.2932e-06,-0.004,-0.004,0.06,0.08
1.2936e-06,0.004,0.004,0.02,0.04
1.2940e-06,0.004,-0.004,0.02,0.12
1.2944e-06,-0.004,-0.004,-0.02,0.08
1.2948e-06,-0.012,-0.004,0.02,0.08
1.2952e-06,0.012,-0.004,0.02,0.08
1.2956e-06,0.004,-0.004,0.02,0.08
1.2960e-06,0.004,-0.004,0.02,0.08
1.2964e-06,-0.012,-0.004,-0.02,0.08
1.2968e-06,-0.004,0.004,0.02,0.08
1.2972e-06,-0.004,0.004,0.02,0.08
1.2976e-06,0.004,-0.004,0.02,0.12
1.2980e-06,0.004,0.004,0.1,0.04
1.2984e-06,-0.004,-0.004,0.1,0.08
1.2988e-06,-0.004,0.004,0.1,0.08
1.2992e-06,0.004,0.004,0.06,0.08
1.2996e-06,0.004,0.004,0.02,0.08
1.3000e-06,0.012,0.004,0.06,0.08
1.3004e-06,-0.004,0.004,0.06,0.04
1.3008e-06,-0.004,-0.004,0.02,0.08
1.3012e-06,-0.012,-0.004,0.06,0.08
1.3016e-06,-0.004,-0.004,0.06,0.08
1.3020e-06,-0.004,-0.004,0.06,0.04
1.3024e-06,-0.004,-0.004,0.02,0.08
1.3028e-06,-0.004,0.012,0.06,0.08
1.3032e-06,0.004,-0.004,0.1,0.04
1.3036e-06,-0.004,0.004,0.06,0.04
1.3040e-06,-0.004,0.004,0.06,0.04
1.3044e-06,-0.004,0.004,0.06,0.04
1.3048e-06,-0.004,-0.004,0.06,0.04
1.3052e-06,-0.004,0.004,0.06,0.08
1.3056e-06,0.004,0.004,0.06,0.08
1.3060e-06,-0.004,-0.012,0.02,0.04
1.3064e-06,-0.004,-0.004,0.02,0.04
1.3068e-06,-0.012,-0.012,0.02,0.08
1.3072e-06,-0.004,-0.012,0.06,0.08
1.3076e-06,-0.004,-0.02,0.06,0.08
1.3080e-06,-0.004,-0.02,-0.02,0.04
1.3084e-06,-0.012,-0.012,0.02,0
1.3088e-06,-0.012,-0.012,0.06,0.08
1.3092e-06,0.004,-0.012,0.1,0.08
1.3096e-06,-0.004,-0.012,0.06,0.08
1.3100e-06,0.012,-0.012,0.02,0.08
1.3104e-06,0.004,-0.004,0.02,0.04
1.3108e-06,0.004,-0.004,0.06,0.08
1.3112e-06,-0.004,-0.012,0.1,0.12
1.3116e-06,-0.012,-0.012,0.06,0.04
1.3120e-06,-0.004,0.004,0.06,0.04
1.3124e-06,-0.004,-0.012,0.02,0.04
1.3128e-06,0.004,0.004,0.1,0.04
1.3132e-06,0.012,-0.004,0.02,0.12
1.3136e-06,0.004,-0.004,0.02,0.12
1.3140e-06,0.004,-0.004,0.06,0.08
1.3144e-06,0.004,-0.004,0.02,0.08
1.3148e-06,0.004,-0.012,0.06,0.08
1.3152e-06,-0.004,0.004,0.06,0.08
1.3156e-06,-0.004,0.004,0.02,0.08
1.3160e-06,-0.004,-0.004,0.06,0.04
1.3164e-06,0.012,-0.012,0.06,0.04
1.3168e-06,-0.004,0.004,0.02,0.08
1.3172e-06,0.004,0.004,0.02,0.04
1.3176e-06,-0.004,-0.004,0.02,0.12
1.3180e-06,-0.004,0.004,0.02,0.08
1.3184e-06,0.004,-0.004,0.06,0.08
1.3188e-06,0.004,0.004,0.02,0.08
1.3192e-06,-0.004,0.004,0.06,0.08
1.3196e-06,-0.004,-0.004,-0.02,0.04
1.3200e-06,0.004,0.004,0.02,0.04
1.3204e-06,-0.004,-0.004,0.02,0.04
1.3208e-06,-0.004,-0.004,0.06,0.08
1.3212e-06,-0.004,-0.004,0.02,0.08
1.3216e-06,-0.004,0.004,0.02,0.08
1.3220e-06,-0.004,-0.004,0.02,0.08
1.3224e-06,-0.004,-0.004,-0.02,0.04
1.3228e-06,-0.004,0.004,0.02,0.04
1.3232e-06,0.004,-0.004,0.06,0.04
1.3236e-06,-0.004,0.004,0.06,0.04
1.3240e-06,-0.012,0.004,0.1,0.04
1.3244e-06,0.004,0.004,0.02,0.04
1.3248e-06,0.004,-0.004,0.1,0.08
1.3252e-06,0.004,-0.004,0.06,0.04
1.3256e-06,-0.004,0.004,0.06,0.08
1.3260e-06,0.004,0.004,0.06,0.08
1.3264e-06,0.004,0.004,0.02,0.08
1.3268e-06,-0.004,-0.004,0.02,0.04
1.3272e-06,0.004,0.004,0.06,0.08
1.3276e-06,-0.004,0.004,0.06,0.08
1.3280e-06,-0.004,0.012,0.06,0.08
1.3284e-06,-0.004,-0.004,0.1,0.08
1.3288e-06,0.004,-0.004,0.06,0.08
1.3292e-06,0.004,-0.004,0.06,0
1.3296e-06,-0.004,0.004,0.1,0
1.3300e-06,-0.004,0.012,0.1,0
1.3304e-06,0.004,0.004,0.06,0.04
1.3308e-06,0.004,-0.004,0.06,0.08
1.3312e-06,0.004,-0.004,0.06,0.04
1.3316e-06,-0.004,-0.004,0.06,0.08
1.3320e-06,0.004,-0.012,0.06,0.04
1.3324e-06,0.004,-0.004,0.06,0.04
1.3328e-06,0.004,-0.004,0.06,0.04
1.3332e-06,0.004,0.004,0.06,0.08
1.3336e-06,-0.004,-0.004,0.06,0.08
1.3340e-06,-0.012,-0.004,0.06,0.08
1.3344e-06,-0.004,0.004,0.1,0.04
1.3348e-06,-0.004,0.004,0.06,0.04
1.3352e-06,0.012,-0.004,0.06,0.08
1.3356e-06,-0.004,0.004,0.02,0.04
1.3360e-06,0.004,0.004,0.02,0.04
1.3364e-06,-0.004,0.004,0.06,0.04
1.3368e-06,-0.004,-0.004,0.02,0.04
1.3372e-06,0.004,-0.004,0.02,0.04
1.3376e-06,-0.004,-0.004,0.02,0.04
1.3380e-06,0.004,-0.004,0.02,0.08
1.3384e-06,0.004,-0.004,0.06,0.04
1.3388e-06,-0.004,-0.012,0.06,0.04
1.3392e-06,0.004,-0.004,0.02,0.04
1.3396e-06,0.004,0.004,0.02,0.04
1.3400e-06,0.004,-0.004,0.02,0
1.3404e-06,0.004,0.004,0.06,0.04
1.3408e-06,-0.004,-0.004,0.02,0.04
1.3412e-06,0.004,-0.004,0.06,0.04
1.3416e-06,0.004,-0.004,0.06,0.04
1.3420e-06,-0.004,-0.004,0.06,0.08
1.3424e-06,-0.004,-0.004,0.06,0.04
1.3428e-06,0.004,-0.004,0.06,0.04
1.3432e-06,-0.004,0.004,0.06,0.04
1.3436e-06,0.004,0.004,0.02,0.08
1.3440e-06,-0.004,0.004,0.02,0.08
1.3444e-06,-0.004,-0.004,0.06,0.08
1.3448e-06,0.004,-0.004,0.06,0
1.3452e-06,0.004,-0.004,0.02,0.04
1.3456e-06,-0.004,0.004,0.1,0.08
1.3460e-06,0.004,0.004,0.06,0.04
1.3464e-06,-0.004,-0.004,0.02,0.04
1.3468e-06,0.004,-0.004,0.02,0.04
1.3472e-06,-0.004,0.004,0.02,0.04
1.3476e-06,-0.004,-0.004,0.06,0.08
1.3480e-06,-0.004,-0.004,0.06,0.08
1.3484e-06,-0.004,-0.012,0.06,0
1.3488e-06,-0.004,-0.004,0.06,0
1.3492e-06,0.004,0.004,0.02,0.04
1.3496e-06,-0.004,0.004,0.06,0.04
1.3500e-06,0.012,-0.004,0.06,0.08
1.3504e-06,0.004,0.004,0.02,0.04
1.3508e-06,-0.012,0.004,0.06,0.04
1.3512e-06,-0.004,0.004,0.06,0.04
1.3516e-06,-0.004,0.004,0.02,0.08
1.3520e-06,-0.004,-0.004,0.02,0.04
1.3524e-06,0.004,0.004,0.06,0.08
1.3528e-06,0.004,-0.004,0.06,0.08
1.3532e-06,-0.004,0.004,0.02,0.04
1.3536e-06,-0.004,-0.004,0.02,0.04
1.3540e-06,-0.004,-0.004,0.1,0.08
1.3544e-06,-0.004,-0.004,0.06,0.08
1.3548e-06,0.004,0.004,0.06,0.08
1.3552e-06,0.004,-0.004,0.02,0.08
1.3556e-06,0.004,-0.004,0.02,0.04
1.3560e-06,-0.004,-0.004,0.1,0.04
1.3564e-06,0.004,0.004,0.02,0.04
1.3568e-06,0.004,-0.004,0.02,0.08
1.3572e-06,-0.004,-0.004,0.02,0.08
1.3576e-06,-0.004,-0.004,0.06,0.08
1.3580e-06,-0.004,0.004,0.06,0.04
1.3584e-06,-0.004,-0.004,0.06,0.04
1.3588e-06,0.004,-0.004,-0.02,0.04
1.3592e-06,0.004,-0.004,0.02,0.08
1.3596e-06,0.004,-0.004,0.06,0.08
1.3600e-06,0.004,0.004,0.02,0.08
1.3604e-06,0.004,0.004,0.06,0.08
1.3608e-06,0.004,-0.004,0.02,0.08
1.3612e-06,0.004,-0.004,0.02,0.04
1.3616e-06,-0.004,-0.004,0.06,0.04
1.3620e-06,-0.004,0.004,0.06,0.08
1.3624e-06,0.004,0.004,0.06,0.04
1.3628e-06,-0.004,-0.004,0.06,0.08
1.3632e-06,0.004,-0.004,0.02,0.08
1.3636e-06,-0.004,-0.004,0.06,0.04
1.3640e-06,-0.004,-0.004,0.06,0.08
1.3644e-06,0.004,0.004,0.06,0.08
1.3648e-06,-0.012,0.004,0.06,0.08
1.3652e-06,0.004,-0.004,0.06,0.08
1.3656e-06,-0.004,-0.004,-0.02,0.08
1.3660e-06,0.004,-0.004,0.02,0.08
1.3664e-06,0.004,0.004,0.02,0.08
1.3668e-06,-0.012,-0.004,0.06,0.12
1.3672e-06,0.004,-0.004,0.02,0.08
1.3676e-06,0.004,-0.004,0.06,0.08
1.3680e-06,0.012,-0.004,0.06,0.08
1.3684e-06,-0.004,0.004,0.06,0.08
1.3688e-06,-0.004,-0.012,0.1,0.04
1.3692e-06,-0.004,-0.004,0.06,0.08
1.3696e-06,0.012,-0.004,0.06,0.04
1.3700e-06,0.004,0.004,0.06,0.04
1.3704e-06,0.004,-0.004,0.06,0.08
1.3708e-06,0.004,0.004,0.02,0.08
1.3712e-06,0.004,0.004,0.1,0.08
1.3716e-06,-0.004,-0.004,0.02,0.08
1.3720e-06,0.004,0.004,0.1,0.12
1.3724e-06,0.004,0.004,0.1,0.04
1.3728e-06,-0.012,0.004,0.02,0.08
1.3732e-06,0.004,0.004,0.02,0.04
1.3736e-06,-0.004,-0.004,0.02,0.08
1.3740e-06,0.004,-0.004,0.1,0.04
1.3744e-06,0.012,-0.004,0.06,0.04
1.3748e-06,0.004,-0.004,0.06,0.08
1.3752e-06,0.004,-0.004,0.06,0.04
1.3756e-06,0.004,0.004,0.06,0.08
1.3760e-06,0.004,0.004,0.06,0.04
1.3764e-06,0.004,-0.004,0.06,0.08
1.3768e-06,-0.004,-0.004,0.1,0.08
1.3772e-06,-0.004,-0.004,0.02,0.04
1.3776e-06,-0.004,0.004,0.02,0.04
1.3780e-06,0.004,-0.004,0.06,0.04
1.3784e-06,0.004,-0.004,0.06,0.08
1.3788e-06,0.004,-0.004,0.02,0.08
1.3792e-06,0.004,-0.012,0.06,0.04
1.3796e-06,-0.004,0.012,0.06,0.08
1.3800e-06,0.004,0.004,0.06,0.08
1.3804e-06,0.004,-0.012,0.02,0.08
1.3808e-06,0.004,-0.004,0.02,0.08
1.3812e-06,-0.004,0.004,0.02,0.08
1.3816e-06,0.004,0.004,0.06,0.04
1.3820e-06,0.004,0.004,0.02,0.08
1.3824e-06,-0.004,0.004,0.02,0.04
1.3828e-06,0.004,-0.004,0.02,0.04
1.3832e-06,-0.004,0.004,0.06,0.08
1.3836e-06,-0.012,-0.004,0.02,0.04
1.3840e-06,-0.004,-0.004,0.06,0.08
1.3844e-06,-0.004,-0.004,0.06,0.08
1.3848e-06,0.004,-0.004,0.06,0.04
1.3852e-06,0.004,0.004,-0.02,0.04
1.3856e-06,0.004,-0.004,0.06,0.08
1.3860e-06,-0.004,-0.004,0.06,0.04
1.3864e-06,-0.004,0.004,0.06,0.04
1.3868e-06,-0.004,-0.004,0.06,0.04
1.3872e-06,-0.004,-0.004,-0.02,0.04
1.3876e-06,-0.004,-0.004,-0.02,0.04
1.3880e-06,-0.004,0.004,0.06,0.04
1.3884e-06,-0.004,0.004,0.02,0.08
1.3888e-06,-0.004,-0.004,0.06,0.12
1.3892e-06,-0.004,0.004,0.02,0.12
1.3896e-06,-0.004,-0.004,0.02,0.08
1.3900e-06,0.004,0.004,0.02,0.04
1.3904e-06,-0.004,0.004,0.06,0.04
1.3908e-06,-0.004,-0.012,0.1,0.04
1.3912e-06,-0.004,0.004,0.06,0.04
1.3916e-06,-0.004,0.004,0.06,0.08
1.3920e-06,-0.004,0.004,0.06,0
1.3924e-06,0.004,-0.004,0.1,0.04
1.3928e-06,0.004,-0.004,0.06,0.04
1.3932e-06,0.004,-0.004,0.06,0.04
1.3936e-06,-0.004,-0.004,0.06,0
1.3940e-06,-0.004,-0.012,0.06,0.08
1.3944e-06,-0.004,-0.012,0.02,0.04
1.3948e-06,-0.004,-0.012,0.02,0.08
1.3952e-06,0.004,-0.02,0.02,0.08
1.3956e-06,-0.012,-0.012,0.06,0.04
1.3960e-06,-0.004,-0.012,0.02,0.04
1.3964e-06,0.004,-0.012,0.02,0.08
1.3968e-06,0.004,-0.012,0.06,0.04
1.3972e-06,-0.004,-0.004,0.06,0.04
1.3976e-06,0.004,-0.004,0.02,0.08
1.3980e-06,-0.004,-0.02,0.02,0.08
1.3984e-06,-0.004,-0.004,0.02,0.08
1.3988e-06,-0.004,-0.004,0.1,0.08
1.3992e-06,-0.004,-0.012,0.06,0.04
1.3996e-06,0.004,0.004,0.02,0.08
1.4000e-06,0.004,0.004,0.06,0.08
1.4004e-06,-0.004,0.004,0.1,0.12
1.4008e-06,-0.004,-0.012,0.06,0.08
1.4012e-06,-0.012,0.004,0.06,0.08
1.4016e-06,0.004,-0.004,0.02,0.08
1.4020e-06,-0.004,-0.004,0.02,0.04
1.4024e-06,-0.004,-0.004,0.06,0.08
1.4028e-06,0.004,-0.004,0.1,0.08
1.4032e-06,0.004,0.004,0.06,0.04
1.4036e-06,0.004,0.004,0.1,0.08
1.4040e-06,-0.004,0.004,0.06,0.12
1.4044e-06,0.004,-0.004,0.1,0.04
1.4048e-06,-0.004,-0.004,0.1,0.04
1.4052e-06,0.004,-0.004,0.1,0.08
1.4056e-06,0.004,-0.004,0.02,0.04
1.4060e-06,0.004,-0.004,0.06,0.08
1.4064e-06,-0.004,-0.004,0.02,0.08
1.4068e-06,0.004,-0.004,0.02,0.08
1.4072e-06,-0.004,0.004,0.06,0.08
1.4076e-06,-0.004,0.004,0.02,0.04
1.4080e-06,-0.004,-0.004,0.06,0.08
1.4084e-06,-0.004,-0.004,0.06,0.08
1.4088e-06,-0.004,-0.004,0.06,0.12
1.4092e-06,0.004,0.004,0.06,0.08
1.4096e-06,-0.004,0.004,0.06,0.08
1.4100e-06,0.004,0.004,0.06,0.08
1.4104e-06,-0.004,-0.004,0.06,0.08
1.4108e-06,-0.004,-0.004,0.02,0.04
1.4112e-06,-0.004,-0.004,0.02,0.08
1.4116e-06,-0.004,-0.004,0.02,0.08
1.4120e-06,0.004,0.004,0.06,0.08
1.4124e-06,0.004,-0.004,0.06,0.04
1.4128e-06,-0.004,0.004,0.1,0.04
1.4132e-06,0.004,0.004,0.02,0.08
1.4136e-06,-0.004,-0.004,0.02,0.12
1.4140e-06,-0.004,0.004,0.02,0.08
1.4144e-06,-0.004,0.004,0.02,0.08
1.4148e-06,0.012,0.004,0.06,0.04
1.4152e-06,-0.004,-0.004,0.06,0
1.4156e-06,-0.004,0.004,0.06,0
1.4160e-06,-0.004,0.004,0.06,0.08
1.4164e-06,0.004,-0.004,0.06,0.08
1.4168e-06,0.004,-0.012,0.06,0.04
1.4172e-06,-0.004,0.012,0.02,0.04
1.4176e-06,0.004,0.004,0.1,0.08
1.4180e-06,0.004,0.004,0.1,0.04
1.4184e-06,0.012,-0.004,0.06,0
1.4188e-06,0.004,-0.004,0.06,0.08
1.4192e-06,0.004,0.004,0.1,0.04
1.4196e-06,-0.004,0.004,0.02,0.08
1.4200e-06,-0.004,0.004,0.02,0.08
1.4204e-06,-0.004,0.004,0.06,0.08
1.4208e-06,0.004,0.004,0.06,0.08
1.4212e-06,-0.004,0.004,0.02,0.12
1.4216e-06,0.004,-0.004,0.02,0.12
1.4220e-06,-0.004,0.004,0.06,0.08
1.4224e-06,0.004,0.004,0.02,0.04
1.4228e-06,0.004,0.004,0.02,0.08
1.4232e-06,0.004,0.004,0.06,0.04
1.4236e-06,-0.004,0.004,0.06,0.04
1.4240e-06,-0.004,0.004,0.02,0.12
1.4244e-06,0.004,0.004,0.06,0.08
1.4248e-06,-0.004,0.004,0.1,0.08
1.4252e-06,-0.012,-0.004,0.06,0.08
1.4256e-06,-0.004,0.004,0.02,0.04
1.4260e-06,-0.004,-0.004,0.06,0.04
1.4264e-06,-0.004,-0.004,0.02,0.08
1.4268e-06,-0.004,0.004,0.02,0.08
1.4272e-06,-0.004,0.004,0.02,0.08
1.4276e-06,-0.004,-0.004,0.1,0.08
1.4280e-06,0.004,-0.004,0.02,0.04
1.4284e-06,-0.004,0.004,0.06,0.04
1.4288e-06,-0.004,0.004,0.02,0.04
1.4292e-06,-0.004,-0.004,0.02,0.04
1.4296e-06,0.004,0.012,0.06,0.08
1.4300e-06,-0.004,-0.004,0.02,0.08
1.4304e-06,0.004,-0.004,0.02,0.08
1.4308e-06,0.004,-0.004,0.02,0.12
1.4312e-06,0.004,-0.012,-0.02,0.12
1.4316e-06,-0.004,0.004,0.06,0.08
1.4320e-06,-0.004,0.004,0.02,0.08
1.4324e-06,0.004,-0.004,0.06,0.12
1.4328e-06,0.004,0.004,0.06,0.08
1.4332e-06,-0.004,-0.004,0.02,0.08
1.4336e-06,0.004,-0.004,0.02,0.12
1.4340e-06,-0.004,-0.012,0.06,0.08
1.4344e-06,0.004,-0.012,0.06,0.08
1.4348e-06,0.004,-0.012,0.1,0.08
1.4352e-06,0.004,-0.02,0.02,0.08
1.4356e-06,-0.004,-0.02,0.1,0.12
1.4360e-06,0.004,-0.02,0.1,0.08
1.4364e-06,0.004,-0.02,0.02,0.08
1.4368e-06,0.004,-0.012,0.02,0.08
1.4372e-06,-0.004,-0.012,0.02,0.08
1.4376e-06,-0.012,0.004,0.1,0.08
1.4380e-06,-0.004,-0.012,0.06,0.08
1.4384e-06,0.004,-0.012,0.06,0.08
1.4388e-06,-0.012,-0.012,0.06,0.08
1.4392e-06,-0.004,-0.004,0.02,0.08
1.4396e-06,-0.012,0.004,0.02,0.12
1.4400e-06,0.004,-0.004,0.06,0.08
1.4404e-06,0.004,-0.004,0.02,0.08
1.4408e-06,0.004,-0.012,0.02,0.08
1.4412e-06,-0.004,-0.004,0.06,0.08
1.4416e-06,-0.004,0.004,0.06,0.04
1.4420e-06,-0.004,-0.004,0.06,0.12
1.4424e-06,-0.004,0.004,0.06,0.08
1.4428e-06,0.004,-0.004,-0.02,0.08
1.4432e-06,-0.004,-0.012,0.06,0.04
1.4436e-06,-0.004,0.004,0.1,0
1.4440e-06,-0.012,-0.004,0.1,0.08
1.4444e-06,-0.004,0.004,0.1,0.04
1.4448e-06,-0.004,0.012,0.1,0.04
1.4452e-06,-0.004,0.004,0.1,0.08
1.4456e-06,0.004,-0.004,0.06,0.08
1.4460e-06,-0.004,-0.004,0.02,0.04
1.4464e-06,0.004,0.004,0.02,0.04
1.4468e-06,0.004,0.004,0.06,0.08
1.4472e-06,-0.004,0.004,0.1,0.08
1.4476e-06,0.004,-0.004,0.06,0.08
1.4480e-06,-0.012,-0.004,0.02,0.08
1.4484e-06,-0.004,0.004,0.1,0.08
1.4488e-06,-0.004,0.004,0.06,0
1.4492e-06,0.004,0.004,0.02,0.08
1.4496e-06,0.004,-0.004,0.06,0.04
1.4500e-06,-0.004,-0.012,0.06,0.08
1.4504e-06,-0.004,-0.004,0.1,0.12
1.4508e-06,-0.004,-0.004,0.06,0.08
1.4512e-06,-0.004,-0.004,0.06,0.08
1.4516e-06,-0.012,0.004,0.02,0.08
1.4520e-06,-0.012,-0.004,0.1,0.08
1.4524e-06,-0.004,-0.004,0.02,0.08
1.4528e-06,0.004,-0.004,0.06,0.08
1.4532e-06,-0.004,0.004,0.06,0.08
1.4536e-06,-0.004,0.004,0.06,0.12
1.4540e-06,0.004,0.004,0.1,0.04
1.4544e-06,-0.004,0.004,0.06,0.04
1.4548e-06,-0.012,-0.004,0.1,0.08
1.4552e-06,-0.004,-0.004,0.02,0.08
1.4556e-06,-0.012,0.004,0.06,0.08
1.4560e-06,-0.004,-0.004,0.02,0.08
1.4564e-06,-0.004,-0.004,0.02,0.08
1.4568e-06,-0.004,-0.004,0.02,0.04
1.4572e-06,0.004,0.004,0.02,0.08
1.4576e-06,-0.004,0.004,0.02,0.04
1.4580e-06,-0.004,-0.004,0.06,0.04
1.4584e-06,-0.004,0.004,0.02,0
1.4588e-06,0.004,0.004,0.02,0.08
1.4592e-06,-0.004,-0.004,0.02,0.08
1.4596e-06,-0.004,-0.004,0.02,0.08
1.4600e-06,-0.004,0.004,0.02,0.04
1.4604e-06,0.012,0.004,0.06,0.08
1.4608e-06,0.004,-0.004,0.02,0.08
1.4612e-06,-0.012,-0.004,0.02,0.04
1.4616e-06,-0.004,0.004,0.06,0.08
1.4620e-06,0.004,-0.004,0.06,0.04
1.4624e-06,-0.004,-0.004,0.02,0.04
1.4628e-06,0.012,-0.004,0.02,0.08
1.4632e-06,0.004,-0.004,0.1,0.08
1.4636e-06,-0.012,-0.004,0.02,0.08
1.4640e-06,-0.012,0.004,0.06,0.08
1.4644e-06,0.004,0.004,0.06,0.08
1.4648e-06,0.004,0.004,0.06,0.08
1.4652e-06,0.004,0.004,0.02,0.08
1.4656e-06,-0.004,0.004,0.06,0.08
1.4660e-06,-0.004,0.004,0.06,0.04
1.4664e-06,0.004,0.004,0.02,0.08
1.4668e-06,0.004,0.012,-0.02,0.04
1.4672e-06,-0.004,-0.004,0.02,0.08
1.4676e-06,0.004,0.004,0.02,0.12
1.4680e-06,0.004,0.004,0.06,0.08
1.4684e-06,0.012,0.004,0.1,0.08
1.4688e-06,0.004,-0.004,0.1,0.08
1.4692e-06,0.004,-0.004,0.06,0.08
1.4696e-06,-0.004,-0.004,0.1,0.08
1.4700e-06,0.004,0.004,0.06,0.12
1.4704e-06,0.004,-0.004,0.06,0.08
1.4708e-06,-0.004,0.004,0.06,0.08
1.4712e-06,0.004,-0.004,0.02,0.08
1.4716e-06,-0.004,-0.004,0.06,0.08
1.4720e-06,-0.004,0.004,0.02,0.08
1.4724e-06,-0.004,0.004,0.02,0.08
1.4728e-06,0.004,-0.004,0.02,0.12
1.4732e-06,0.004,-0.004,0.06,0.12
1.4736e-06,-0.004,0.004,0.06,0.08
1.4740e-06,-0.004,0.004,0.06,0.08
1.4744e-06,-0.004,-0.012,0.02,0.08
1.4748e-06,-0.012,-0.02,0.1,0.08
1.4752e-06,-0.004,-0.02,0.02,0.08
1.4756e-06,0.004,-0.012,0.02,0.08
1.4760e-06,-0.004,-0.02,0.02,0.04
1.4764e-06,0.004,-0.012,0.06,0.08
1.4768e-06,0.004,-0.004,0.1,0.04
1.4772e-06,-0.004,-0.012,0.06,0.08
1.4776e-06,0.004,-0.004,0.06,0.12
1.4780e-06,-0.004,-0.012,0.1,0.08
1.4784e-06,0.004,-0.012,0.06,0.08
1.4788e-06,-0.004,-0.012,0.06,0.12
1.4792e-06,-0.004,-0.012,0.06,0.08
1.4796e-06,-0.004,-0.012,0.06,0.08
1.4800e-06,-0.004,-0.012,0.06,0.08
1.4804e-06,0.004,-0.004,0.06,0.04
1.4808e-06,-0.004,-0.004,0.02,0.08
1.4812e-06,-0.004,-0.004,0.02,0.08
1.4816e-06,-0.004,-0.004,0.06,0.08
1.4820e-06,-0.004,-0.004,-0.02,0.08
1.4824e-06,-0.004,-0.004,0.06,0.08
1.4828e-06,-0.004,0.004,0.02,0.08
1.4832e-06,0.004,0.004,0.06,0.08
1.4836e-06,-0.004,-0.004,0.02,0.04
1.4840e-06,-0.004,-0.004,0.02,0.08
1.4844e-06,-0.004,-0.004,0.06,0.12
1.4848e-06,-0.012,-0.004,-0.02,0.08
1.4852e-06,-0.012,-0.004,0.02,0.08
1.4856e-06,-0.004,-0.004,0.06,0.08
1.4860e-06,-0.012,-0.004,0.06,0.08
1.4864e-06,0.004,0.004,0.1,0.08
1.4868e-06,0.004,-0.004,0.02,0.04
1.4872e-06,0.004,-0.004,0.1,0.08
1.4876e-06,-0.004,-0.004,0.02,0.08
1.4880e-06,-0.004,-0.012,0.02,0.08
1.4884e-06,-0.004,-0.02,0.02,0.04
1.4888e-06,0.004,-0.02,0.06,0.08
1.4892e-06,-0.004,-0.012,0.06,0.08
1.4896e-06,0.004,-0.004,0.06,0.04
1.4900e-06,0.004,-0.012,0.02,0.04
1.4904e-06,-0.004,-0.012,0.02,0.08
1.4908e-06,0.004,-0.012,0.02,0.04
1.4912e-06,-0.004,-0.004,0.06,0.04
1.4916e-06,0.004,-0.012,0.1,0.08
1.4920e-06,-0.004,-0.004,0.06,0.08
1.4924e-06,-0.004,-0.004,0.02,0.08
1.4928e-06,0.004,-0.004,0.1,0.04
1.4932e-06,-0.004,0.004,0.06,0.04
1.4936e-06,-0.004,-0.004,0.06,0.08
1.4940e-06,0.004,-0.004,0.06,0.08
1.4944e-06,-0.004,0.004,0.06,0.04
1.4948e-06,-0.004,-0.004,0.02,0.04
1.4952e-06,-0.004,-0.004,0.1,0
1.4956e-06,-0.004,-0.004,0.1,0.04
1.4960e-06,-0.004,-0.012,0.06,0.08
1.4964e-06,-0.004,-0.012,0.06,0.08
1.4968e-06,-0.004,-0.012,0.02,0.08
1.4972e-06,-0.012,-0.004,0.06,0.04
1.4976e-06,-0.004,-0.004,0.02,0.04
1.4980e-06,-0.004,-0.004,0.02,0.08
1.4984e-06,-0.004,-0.004,0.1,0.08
1.4988e-06,-0.012,0.004,0.02,0.08
1.4992e-06,0.004,-0.004,0.06,0.04
1.4996e-06,-0.012,-0.004,0.02,0.04
1.5000e-06,0.004,-0.004,0.02,0.08
1.5004e-06,-0.004,-0.004,0.02,0.08
1.5008e-06,0.004,-0.004,0.02,0.08
1.5012e-06,0.004,0.004,0.02,0.08
1.5016e-06,-0.004,-0.004,0.06,0.08
1.5020e-06,-0.004,-0.004,0.06,0.08
1.5024e-06,-0.004,-0.004,0.06,0.08
1.5028e-06,-0.004,-0.004,0.06,0.08
1.5032e-06,0.004,-0.004,0.02,0.08
1.5036e-06,-0.004,0.004,0.02,0.08
1.5040e-06,-0.004,0.004,0.02,0.08
1.5044e-06,-0.004,-0.004,0.06,0.08
1.5048e-06,0.004,-0.012,0.06,0.08
1.5052e-06,-0.004,0.004,0.1,0.04
1.5056e-06,-0.004,0.004,0.06,0.08
1.5060e-06,-0.012,0.004,0.06,0.08
1.5064e-06,-0.012,-0.004,0.06,0.12
1.5068e-06,-0.012,0.004,0.02,0.04
1.5072e-06,0.004,-0.004,0.02,0.08
1.5076e-06,0.004,-0.004,0.02,0.08
1.5080e-06,-0.004,-0.004,0.02,0.12
1.5084e-06,0.004,-0.004,0.02,0.08
1.5088e-06,-0.004,0.004,0.02,0.04
1.5092e-06,-0.004,0.004,0.06,0.04
1.5096e-06,-0.004,-0.004,0.06,0.08
1.5100e-06,-0.004,0.004,0.06,0.08
1.5104e-06,-0.012,-0.004,0.06,0.08
1.5108e-06,0.004,-0.004,0.06,0.04
1.5112e-06,-0.004,0.004,0.02,0.08
1.5116e-06,0.004,0.004,0.02,0.08
1.5120e-06,-0.004,-0.004,0.02,0.04
1.5124e-06,-0.004,0.004,0.06,0.08
1.5128e-06,0.004,0.004,0.06,0.12
1.5132e-06,0.004,0.004,0.1,0.12
1.5136e-06,-0.004,-0.004,0.06,0.08
1.5140e-06,0.004,0.004,0.02,0.08
1.5144e-06,0.004,-0.004,0.02,0.08
1.5148e-06,-0.004,0.004,0.06,0.08
1.5152e-06,0.004,-0.004,0.02,0
1.5156e-06,0.004,-0.004,0.02,0.08
1.5160e-06,-0.004,-0.004,0.02,0.04
1.5164e-06,-0.004,0.004,0.02,0.08
1.5168e-06,-0.004,0.012,0.06,0.04
1.5172e-06,-0.004,0.004,0.06,0.04
1.5176e-06,0.004,0.004,0.02,0
1.5180e-06,-0.004,0.004,0.1,0.08
1.5184e-06,-0.004,0.004,0.1,0
1.5188e-06,0.004,0.004,0.1,0.08
1.5192e-06,0.004,0.004,0.06,0.08
1.5196e-06,0.004,-0.004,0.02,0.04
1.5200e-06,-0.004,-0.012,0.02,0.04
1.5204e-06,0.004,-0.012,0.06,0.04
1.5208e-06,-0.004,0.004,0.1,0.04
1.5212e-06,-0.004,-0.004,0.1,0.04
1.5216e-06,-0.004,0.004,0.1,0.08
1.5220e-06,-0.004,-0.004,0.02,0.08
1.5224e-06,0.004,-0.004,-0.02,0.12
1.5228e-06,-0.004,0.004,0.02,0.08
1.5232e-06,0.004,0.004,0.02,0.08
1.5236e-06,-0.004,0.004,0.02,0.08
1.5240e-06,-0.004,0.004,0.06,0.12
1.5244e-06,-0.004,-0.004,0.02,0.12
1.5248e-06,-0.004,0.004,0.06,0.04
1.5252e-06,0.004,-0.004,0.02,0.04
1.5256e-06,-0.004,-0.012,0.02,0.08
1.5260e-06,-0.004,-0.012,0.06,0.08
1.5264e-06,-0.004,0.004,0.02,0.04
1.5268e-06,-0.012,-0.004,0.1,0.04
1.5272e-06,-0.004,0.004,0.06,0.12
1.5276e-06,0.004,-0.004,0.02,0.08
1.5280e-06,-0.004,-0.004,0.02,0.04
1.5284e-06,-0.004,-0.004,0.06,0.04
1.5288e-06,-0.004,0.004,0.06,0.04
1.5292e-06,-0.004,-0.004,0.06,0.08
1.5296e-06,-0.004,-0.004,0.02,0.12
1.5300e-06,-0.004,0.004,0.02,0.04
1.5304e-06,-0.004,0.004,0.06,0.04
1.5308e-06,-0.004,-0.004,0.06,0.08
1.5312e-06,-0.004,-0.004,0.1,0.04
1.5316e-06,0.004,-0.004,0.02,0.04
1.5320e-06,-0.004,0.004,0.02,0.08
1.5324e-06,-0.012,-0.004,0.1,0.12
1.5328e-06,-0.004,0.004,0.02,0.08
1.5332e-06,0.004,-0.004,0.1,0.08
1.5336e-06,-0.004,-0.012,0.02,0.08
1.5340e-06,-0.004,-0.004,0.06,0.08
1.5344e-06,-0.012,0.004,0.06,0.08
1.5348e-06,-0.012,0.004,0.06,0.08
1.5352e-06,0.004,0.012,0.06,0.08
1.5356e-06,0.004,-0.004,0.06,0.08
1.5360e-06,-0.004,0.004,0.06,0.08
1.5364e-06,0.004,-0.004,0.1,0.04
1.5368e-06,-0.004,0.004,0.1,0.08
1.5372e-06,-0.004,0.004,0.06,0.08
1.5376e-06,-0.004,0.004,0.02,0.12
1.5380e-06,-0.012,-0.004,0.02,0.08
1.5384e-06,-0.004,-0.004,0.02,0.08
1.5388e-06,-0.004,0.004,0.06,0.04
1.5392e-06,-0.004,0.004,0.02,0.08
1.5396e-06,-0.004,0.004,0.06,0.04
1.5400e-06,-0.012,0.004,0.06,0.04
1.5404e-06,-0.012,0.004,0.02,0.08
1.5408e-06,0.004,-0.004,0.06,0.08
1.5412e-06,0.004,-0.004,0.02,0.08
1.5416e-06,-0.012,-0.004,0.02,0.04
1.5420e-06,0.004,-0.004,0.06,0.08
1.5424e-06,0.004,0.004,0.06,0.08
1.5428e-06,-0.004,0.012,0.02,0.08
1.5432e-06,0.004,-0.004,0.06,0.08
1.5436e-06,-0.004,0.004,0.02,0.08
1.5440e-06,-0.004,0.004,0.02,0.08
1.5444e-06,0.004,0.004,0.02,0.08
1.5448e-06,-0.004,0.004,-0.02,0.04
1.5452e-06,0.004,-0.004,0.02,0.04
1.5456e-06,-0.004,-0.004,0.02,0.08
1.5460e-06,-0.004,-0.004,0.06,0.04
1.5464e-06,-0.004,-0.02,0.06,0.04
1.5468e-06,-0.004,-0.004,0.06,0.04
1.5472e-06,-0.004,-0.004,0.02,0.08
1.5476e-06,0.004,-0.004,0.06,0.04
1.5480e-06,0.004,0.004,0.1,0.08
1.5484e-06,-0.004,-0.004,0.06,0.08
1.5488e-06,0.004,0.004,-0.02,0.04
1.5492e-06,-0.004,-0.004,0.06,0.08
1.5496e-06,-0.004,-0.004,0.06,0.08
1.5500e-06,-0.012,-0.004,0.02,0.08
1.5504e-06,-0.004,0.004,0.06,0.08
1.5508e-06,-0.012,-0.004,0.02,0.04
1.5512e-06,-0.012,-0.004,0.06,0.08
1.5516e-06,-0.012,-0.004,0.1,0.08
1.5520e-06,-0.012,-0.004,0.02,0.04
1.5524e-06,-0.004,0.004,0.06,0.08
1.5528e-06,-0.012,-0.004,0.1,0.08
1.5532e-06,-0.004,-0.004,0.02,0.08
1.5536e-06,-0.012,-0.004,0.02,0.08
1.5540e-06,-0.004,-0.004,0.02,0.04
1.5544e-06,-0.012,-0.004,0.02,0.08
1.5548e-06,0.004,-0.004,0.02,0.04
1.5552e-06,-0.004,0.004,-0.02,0.08
1.5556e-06,-0.004,-0.004,0.02,0.04
1.5560e-06,-0.004,-0.004,0.02,0.04
1.5564e-06,0.004,-0.004,0.06,0.08
1.5568e-06,0.004,0.004,0.02,0.12
1.5572e-06,-0.004,0.004,0.06,0.04
1.5576e-06,-0.004,0.004,0.1,0.08
1.5580e-06,0.004,-0.004,0.06,0.04
1.5584e-06,-0.004,-0.004,0.02,0.08
1.5588e-06,-0.004,-0.004,0.06,0.04
1.5592e-06,-0.004,0.004,0.02,0.08
1.5596e-06,-0.004,-0.004,0.02,0.04
1.5600e-06,0.004,0.004,-0.02,0.08
1.5604e-06,0.004,0.004,0.02,0.08
1.5608e-06,-0.004,0.004,0.02,0.08
1.5612e-06,0.004,0.004,0.02,0.08
1.5616e-06,-0.004,0.004,-0.02,0.08
1.5620e-06,0.004,-0.004,0.06,0.08
1.5624e-06,0.004,0.004,0.06,0.04
1.5628e-06,0.004,-0.004,0.06,0.04
1.5632e-06,-0.004,0.004,0.06,0.08
1.5636e-06,-0.012,0.004,0.02,0.08
1.5640e-06,-0.004,-0.004,0.02,0.04
1.5644e-06,0.004,-0.004,0.02,0.08
1.5648e-06,0.004,-0.004,0.06,0.04
1.5652e-06,0.004,-0.004,0.02,0.08
1.5656e-06,0.004,-0.004,0.06,0.04
1.5660e-06,-0.004,-0.004,0.02,0.08
1.5664e-06,-0.004,-0.004,0.1,0.04
1.5668e-06,0.004,0.004,0.06,0.08
1.5672e-06,0.004,-0.004,0.06,0.12
1.5676e-06,0.012,-0.004,0.06,0.08
1.5680e-06,-0.004,-0.004,0.06,0.08
1.5684e-06,0.004,-0.004,-0.02,0.08
1.5688e-06,-0.004,0.004,-0.02,0.08
1.5692e-06,0.004,0.004,0.02,0.08
1.5696e-06,0.004,-0.012,0.02,0.04
1.5700e-06,-0.012,0.004,0.02,0.12
1.5704e-06,0.004,-0.004,0.02,0.08
1.5708e-06,-0.004,0.004,0.06,0.08
1.5712e-06,0.004,-0.004,0.02,0.04
1.5716e-06,0.004,0.004,0.1,0.08
1.5720e-06,-0.004,0.004,0.06,0.08
1.5724e-06,-0.004,0.004,0.06,0.08
1.5728e-06,-0.004,0.004,0.02,0.08
1.5732e-06,-0.004,0.004,0.06,0.08
1.5736e-06,0.004,0.004,0.02,0.08
1.5740e-06,-0.004,-0.004,0.02,0.12
1.5744e-06,-0.004,0.004,0.02,0.12
1.5748e-06,-0.004,-0.004,0.02,0.08
1.5752e-06,-0.004,-0.004,0.1,0.04
1.5756e-06,0.004,-0.004,0.06,0.08
1.5760e-06,-0.004,-0.004,0.06,0.04
1.5764e-06,-0.004,-0.004,0.06,0.08
1.5768e-06,-0.004,-0.004,0.06,0.08
1.5772e-06,-0.004,0.004,0.02,0.04
1.5776e-06,0.004,-0.004,0.06,0.04
1.5780e-06,0.004,0.004,0.1,0.04
1.5784e-06,0.004,-0.004,0.06,0.04
1.5788e-06,-0.004,0.004,0.06,0.04
1.5792e-06,-0.004,0.004,0.02,0.04
1.5796e-06,-0.004,-0.004,0.06,0.04
1.5800e-06,0.004,0.004,0.02,0.08
1.5804e-06,-0.004,0.004,0.06,0.08
1.5808e-06,-0.004,0.004,-0.02,0.04
1.5812e-06,-0.004,-0.004,0.02,0.04
1.5816e-06,0.012,-0.004,0.02,0.08
1.5820e-06,0.004,-0.004,0.06,0.12
1.5824e-06,0.004,-0.004,0.02,0.08
1.5828e-06,-0.004,0.004,0.02,0.08
1.5832e-06,0.004,0.004,0.06,0.04
1.5836e-06,-0.004,0.004,0.06,0.08
1.5840e-06,-0.004,-0.004,0.06,0.08
1.5844e-06,0.004,-0.004,0.02,0.04
1.5848e-06,-0.004,0.004,0.02,0.08
1.5852e-06,-0.004,-0.004,-0.02,0.08
1.5856e-06,0.004,-0.004,0.02,0.08
1.5860e-06,0.004,0.004,0.02,0.08
1.5864e-06,0.004,-0.004,0.02,0.04
1.5868e-06,-0.004,0.004,0.02,0.08
1.5872e-06,-0.004,-0.004,0.06,0.08
1.5876e-06,-0.004,-0.004,0.06,0.08
1.5880e-06,0.004,-0.004,0.02,0.08
1.5884e-06,-0.004,0.004,0.02,0.04
1.5888e-06,0.004,0.004,0.06,0.04
1.5892e-06,-0.004,0.004,0.02,0.04
1.5896e-06,0.004,-0.004,0.06,0.12
1.5900e-06,-0.004,-0.004,0.02,0.12
1.5904e-06,-0.004,-0.004,0.1,0.08
1.5908e-06,-0.004,-0.004,0.06,0.12
1.5912e-06,0.004,-0.004,0.02,0.08
1.5916e-06,-0.004,-0.004,0.02,0.04
1.5920e-06,0.004,0.004,0.06,0.04
1.5924e-06,-0.004,-0.004,0.06,0.04
1.5928e-06,-0.004,-0.004,0.06,0.04
1.5932e-06,-0.004,0.004,0.06,0.04
1.5936e-06,0.012,-0.004,0.02,0.04
1.5940e-06,0.004,-0.004,0.06,0.08
1.5944e-06,-0.004,0.004,0.06,0.08
1.5948e-06,-0.004,0.004,0.06,0.08
1.5952e-06,0.004,-0.004,0.06,0.12
1.5956e-06,0.004,-0.004,0.06,0.08
1.5960e-06,0.004,-0.004,0.06,0.08
1.5964e-06,-0.004,0.004,0.02,0.08
1.5968e-06,-0.004,0.004,0.02,0.08
1.5972e-06,-0.004,-0.004,0.02,0.04
1.5976e-06,-0.004,-0.004,0.06,0.08
1.5980e-06,0.004,0.004,0.1,0.04
1.5984e-06,0.004,-0.004,0.02,0.08
1.5988e-06,0.004,0.004,0.02,0.08
1.5992e-06,-0.004,0.004,0.1,0.04
1.5996e-06,0.004,0.004,0.06,0.12
1.6000e-06,0.004,-0.004,0.06,0.04
1.6004e-06,0.004,0.004,0.02,0.12
1.6008e-06,0.004,-0.004,0.02,0.12
1.6012e-06,-0.012,-0.004,0.1,0.12
1.6016e-06,-0.004,-0.004,0.06,0.12
1.6020e-06,-0.004,0.004,0.06,0.08
1.6024e-06,0.004,-0.004,0.06,0.08
1.6028e-06,0.004,-0.004,0.06,0.08
1.6032e-06,0.004,-0.004,0.1,0.04
1.6036e-06,-0.004,-0.004,0.06,0
1.6040e-06,0.004,-0.004,0.06,0.08
1.6044e-06,0.004,0.012,0.06,0.12
1.6048e-06,-0.004,0.004,0.02,0.08
1.6052e-06,-0.004,-0.004,0.06,0.12
1.6056e-06,-0.004,0.004,0.06,0.12
1.6060e-06,-0.004,0.004,0.06,0.08
1.6064e-06,0.004,-0.004,0.06,0.04
1.6068e-06,0.012,-0.004,0.06,0.04
1.6072e-06,-0.004,0.004,0.02,0.04
1.6076e-06,0.004,-0.004,0.06,0.08
1.6080e-06,0.004,-0.004,0.06,0.08
1.6084e-06,0.004,0.004,0.02,0.04
1.6088e-06,-0.004,-0.004,0.02,0.08
1.6092e-06,0.004,-0.012,0.1,0.12
1.6096e-06,-0.004,0.004,0.06,0.04
1.6100e-06,0.012,0.004,0.02,0.08
1.6104e-06,0.004,0.004,0.02,0.12
1.6108e-06,-0.004,-0.004,0.06,0.04
1.6112e-06,-0.004,-0.004,0.06,0.08
1.6116e-06,0.004,-0.004,0.02,0.08
1.6120e-06,0.004,0.004,0.06,0.08
1.6124e-06,-0.004,-0.004,0.06,0.12
1.6128e-06,0.004,0.004,0.06,0.08
1.6132e-06,-0.004,-0.004,0.06,0.04
1.6136e-06,-0.004,0.004,0.06,0.08
1.6140e-06,0.004,0.004,0.1,0.04
1.6144e-06,-0.004,0.004,0.1,0.08
1.6148e-06,0.004,-0.004,0.06,0.08
1.6152e-06,0.004,-0.004,0.02,0.08
1.6156e-06,-0.004,-0.004,0.06,0.08
1.6160e-06,0.004,-0.004,0.06,0.08
1.6164e-06,0.004,-0.004,0.1,0.08
1.6168e-06,-0.004,-0.004,0.06,0.08
1.6172e-06,0.004,-0.004,0.02,0.08
1.6176e-06,0.004,-0.004,0.02,0.04
1.6180e-06,-0.004,0.004,0.02,0.04
1.6184e-06,-0.004,0.004,0.02,0.08
1.6188e-06,-0.004,0.004,0.06,0.04
1.6192e-06,-0.004,-0.004,0.02,0
1.6196e-06,-0.004,-0.004,0.06,0.08
1.6200e-06,-0.004,-0.004,0.02,0.08
1.6204e-06,-0.012,-0.012,0.02,0.08
1.6208e-06,-0.004,0.004,0.02,0.04
1.6212e-06,-0.004,0.004,0.02,0.08
1.6216e-06,-0.004,-0.004,0.02,0.08
1.6220e-06,0.004,0.004,0.02,0.08
1.6224e-06,0.004,0.004,-0.02,0.12
1.6228e-06,-0.004,-0.004,0.02,0.08
1.6232e-06,-0.004,-0.004,0.02,0.08
1.6236e-06,0.004,-0.004,0.06,0.08
1.6240e-06,-0.004,-0.004,0.02,0.08
1.6244e-06,0.004,-0.004,0.06,0.08
1.6248e-06,-0.004,-0.004,0.02,0.04
1.6252e-06,0.004,-0.004,0.06,0.12
1.6256e-06,-0.004,0.004,0.02,0.12
1.6260e-06,-0.004,-0.004,0.06,0.08
1.6264e-06,-0.004,-0.004,0.02,0.04
1.6268e-06,0.004,0.004,0.06,0.04
1.6272e-06,0.012,-0.004,0.1,0.08
1.6276e-06,0.004,-0.004,0.06,0.08
1.6280e-06,-0.004,-0.004,0.06,0.04
1.6284e-06,-0.004,-0.004,0.06,0.04
1.6288e-06,-0.012,-0.004,0.02,0.04
1.6292e-06,-0.004,-0.004,0.06,0.04
1.6296e-06,0.004,-0.004,0.06,0.04
1.6300e-06,-0.004,0.004,0.02,0.08
1.6304e-06,-0.004,-0.004,0.02,0.04
1.6308e-06,0.004,0.004,0.02,0.04
1.6312e-06,0.004,0.004,0.02,0.04
1.6316e-06,-0.004,0.004,0.06,0.08
1.6320e-06,0.004,-0.012,0.06,0.04
1.6324e-06,-0.004,-0.004,0.02,0.08
1.6328e-06,-0.012,0.004,0.02,0.08
1.6332e-06,-0.012,0.012,0.02,0.08
1.6336e-06,-0.004,0.004,0.06,0.08
1.6340e-06,-0.004,-0.004,0.02,0.12
1.6344e-06,-0.004,-0.012,0.02,0.12
1.6348e-06,-0.004,-0.004,0.02,0.08
1.6352e-06,0.004,0.004,0.02,0.12
1.6356e-06,0.004,0.004,0.06,0.08
1.6360e-06,-0.004,-0.004,-0.02,0.04
1.6364e-06,0.004,0.004,0.06,0.04
1.6368e-06,0.004,0.004,0.02,0.12
1.6372e-06,0.012,0.004,0.02,0.08
1.6376e-06,-0.004,0.012,0.02,0.08
1.6380e-06,-0.004,0.004,-0.02,0.08
1.6384e-06,0.004,-0.004,0.02,0.04
1.6388e-06,0.004,-0.004,0.02,0.04
1.6392e-06,0.004,0.004,0.06,0.04
1.6396e-06,-0.004,-0.004,0.06,0.08
1.6400e-06,0.004,-0.004,0.02,0.04
1.6404e-06,-0.004,0.004,0.06,0.08
1.6408e-06,-0.004,0.004,0.1,0.04
1.6412e-06,0.004,0.004,0.06,0.08
1.6416e-06,0.004,0.004,0.02,0.08
1.6420e-06,-0.004,0.004,0.02,0.08
1.6424e-06,0.004,0.004,0.02,0.08
1.6428e-06,0.004,-0.004,-0.02,0.08
1.6432e-06,-0.004,-0.004,0.02,0.08
1.6436e-06,-0.004,0.004,0.06,0.04
1.6440e-06,-0.012,-0.004,0.06,0.04
1.6444e-06,-0.004,-0.004,0.06,0.04
1.6448e-06,-0.004,0.004,0.02,0.08
1.6452e-06,-0.012,0.004,0.02,0.08
1.6456e-06,-0.004,0.004,0.06,0.08
1.6460e-06,-0.004,-0.004,0.02,0.12
1.6464e-06,-0.012,-0.004,0.06,0.04
1.6468e-06,-0.012,-0.004,0.06,0.04
1.6472e-06,-0.02,-0.004,0.02,0.12
1.6476e-06,-0.02,0.004,0.02,0.08
1.6480e-06,-0.012,0.004,0.02,0.04
1.6484e-06,-0.012,0.004,0.06,0.08
1.6488e-06,-0.012,0.004,0.02,0.12
1.6492e-06,-0.012,-0.004,0.06,0.08
1.6496e-06,-0.012,-0.004,0.06,0.08
1.6500e-06,-0.02,0.004,0.06,0.04
1.6504e-06,-0.004,-0.004,0.06,0.04
1.6508e-06,-0.004,0.004,0.06,0.08
1.6512e-06,-0.004,0.004,0.06,0.08
1.6516e-06,-0.004,0.004,0.02,0.08
1.6520e-06,-0.004,0.004,0.1,0.08
1.6524e-06,-0.004,-0.004,0.06,0.04
1.6528e-06,-0.004,-0.004,0.06,0.08
1.6532e-06,0.004,0.004,0.02,0.04
1.6536e-06,0.004,-0.004,0.1,0.04
1.6540e-06,-0.012,0.004,0.06,0.04
1.6544e-06,0.004,0.004,0.1,0.08
1.6548e-06,0.004,0.012,-0.02,0.08
1.6552e-06,-0.004,0.004,0.06,0.08
1.6556e-06,0.004,-0.004,0.02,0
1.6560e-06,-0.004,-0.004,0.02,0.04
1.6564e-06,-0.004,-0.004,0.02,0.04
1.6568e-06,-0.004,-0.004,0.02,0.04
1.6572e-06,-0.004,-0.004,0.06,0.04
1.6576e-06,-0.004,0.004,0.06,0.08
1.6580e-06,0.004,-0.004,-0.02,0.08
1.6584e-06,-0.004,0.004,0.06,0.12
1.6588e-06,0.004,-0.004,0.02,0.04
1.6592e-06,0.004,-0.004,0.06,0.08
1.6596e-06,-0.004,-0.004,0.02,0.08
1.6600e-06,-0.012,-0.004,-0.02,0.08
1.6604e-06,0.004,-0.004,0.02,0.08
1.6608e-06,-0.004,-0.004,0.02,0.04
1.6612e-06,-0.004,-0.004,0.02,0.08
1.6616e-06,-0.004,-0.004,0.1,0.04
1.6620e-06,0.004,-0.004,0.02,0.04
1.6624e-06,0.004,-0.004,0.06,0.08
1.6628e-06,0.004,-0.004,0.02,0.08
1.6632e-06,-0.004,0.004,0.02,0.08
1.6636e-06,0.012,0.004,0.02,0.08
1.6640e-06,-0.004,-0.004,0.06,0.08
1.6644e-06,-0.012,-0.004,0.02,0.08
1.6648e-06,-0.012,-0.004,0.06,0.04
1.6652e-06,-0.012,-0.004,0.1,0.08
1.6656e-06,-0.02,0.004,0.02,0.04
1.6660e-06,-0.012,-0.004,0.06,0.08
1.6664e-06,-0.012,-0.004,0.02,0.08
1.6668e-06,-0.004,0.004,0.06,0.08
1.6672e-06,-0.012,-0.012,0.02,0.08
1.6676e-06,-0.004,-0.004,0.06,0.04
1.6680e-06,-0.004,-0.004,-0.02,0.08
1.6684e-06,-0.004,-0.004,0.06,0.04
1.6688e-06,-0.004,0.004,0.06,0.04
1.6692e-06,0.004,0.004,0.06,0.08
1.6696e-06,-0.004,-0.004,0.02,0.08
1.6700e-06,0.004,-0.004,0.02,0.08
1.6704e-06,0.004,-0.004,0.06,0.12
1.6708e-06,-0.004,-0.004,0.02,0.08
1.6712e-06,0.004,-0.004,0.06,0.08
1.6716e-06,-0.004,-0.004,0.06,0.08
1.6720e-06,-0.004,0.004,0.1,0.12
1.6724e-06,-0.004,-0.012,0.1,0.04
1.6728e-06,-0.004,-0.012,0.06,0.04
1.6732e-06,-0.004,-0.004,0.02,0.04
1.6736e-06,0.004,-0.012,0.06,0.08
1.6740e-06,0.012,-0.004,0.02,0.04
1.6744e-06,-0.004,-0.004,0.02,0.08
1.6748e-06,0.004,-0.004,0.02,0.12
1.6752e-06,-0.004,-0.004,0.02,0.08
1.6756e-06,0.004,-0.004,0.02,0.08
1.6760e-06,-0.004,-0.004,0.02,0.04
1.6764e-06,-0.012,-0.004,0.06,0.08
1.6768e-06,0.012,-0.004,0.06,0.08
1.6772e-06,-0.004,-0.004,0.06,0.08
1.6776e-06,0.012,0.004,0.06,0
1.6780e-06,0.004,0.004,0.06,0
1.6784e-06,-0.004,-0.012,0.06,0
1.6788e-06,0.004,-0.004,0.06,0.08
1.6792e-06,0.004,-0.004,0.06,0.08
1.6796e-06,-0.004,-0.004,0.06,0.08
1.6800e-06,0.004,-0.004,0.1,0.08
1.6804e-06,0.004,-0.004,0.06,0.08
1.6808e-06,-0.004,-0.004,0.06,0.08
1.6812e-06,-0.004,-0.004,0.02,0.08
1.6816e-06,0.004,0.004,0.02,0.08
1.6820e-06,0.004,-0.004,0.02,0.08
1.6824e-06,-0.004,-0.004,0.06,0.08
1.6828e-06,0.004,-0.004,0.1,0.08
1.6832e-06,-0.004,-0.004,0.02,0.04
1.6836e-06,-0.004,-0.012,0.02,0.08
1.6840e-06,-0.012,-0.004,0.06,0.08
1.6844e-06,-0.004,-0.004,0.06,0.12
1.6848e-06,0.012,-0.004,-0.02,0.08
1.6852e-06,0.004,-0.004,0.02,0.08
1.6856e-06,-0.004,-0.004,0.02,0.04
1.6860e-06,0.004,0.004,0.06,0.04
1.6864e-06,0.004,-0.004,0.02,0.08
1.6868e-06,-0.004,-0.004,0.02,0.08
1.6872e-06,-0.004,0.004,0.02,0.08
1.6876e-06,0.004,-0.004,0.06,0.08
1.6880e-06,0.004,-0.004,0.02,0.08
1.6884e-06,0.004,-0.004,0.06,0.04
1.6888e-06,-0.004,-0.012,0.02,0.08
1.6892e-06,-0.004,-0.012,0.02,0.04
1.6896e-06,-0.004,0.004,0.02,0.08
1.6900e-06,0.004,0.004,-0.02,0.08
1.6904e-06,-0.012,0.004,0.06,0.04
1.6908e-06,0.004,0.004,0.06,0.04
1.6912e-06,0.004,-0.004,0.02,0.04
1.6916e-06,0.004,-0.004,0.02,0.04
1.6920e-06,0.004,0.004,0.06,0.04
1.6924e-06,0.004,-0.004,0.06,0.04
1.6928e-06,0.004,-0.004,0.1,0.08
1.6932e-06,0.004,-0.004,0.02,0.04
1.6936e-06,0.004,-0.004,0.02,0.04
1.6940e-06,0.004,0.004,0.06,0.08
1.6944e-06,0.004,-0.004,0.06,0.04
1.6948e-06,0.004,0.004,0.02,0.04
1.6952e-06,0.004,-0.004,0.06,0.08
1.6956e-06,-0.004,0.012,0.1,0.08
1.6960e-06,-0.012,-0.004,0.06,0.04
1.6964e-06,0.004,-0.004,0.06,0.08
1.6968e-06,-0.004,0.012,0.06,0.08
1.6972e-06,-0.004,0.004,0.1,0.08
1.6976e-06,0.004,-0.004,0.06,0.04
1.6980e-06,-0.004,-0.004,0.06,0.08
1.6984e-06,-0.004,0.004,0.02,0.04
1.6988e-06,-0.004,0.004,0.02,0.08
1.6992e-06,0.004,0.004,0.06,0.04
1.6996e-06,0.004,0.004,0.02,0.04
1.7000e-06,0.004,0.004,0.06,0.04
1.7004e-06,0.012,0.004,0.06,0.04
1.7008e-06,0.004,0.004,0.06,0.04
1.7012e-06,0.004,0.012,0.02,0.08
1.7016e-06,-0.012,-0.004,0.1,0.08
1.7020e-06,0.004,-0.004,0.02,0.04
1.7024e-06,-0.004,-0.004,0.06,0.08
1.7028e-06,-0.004,-0.004,0.1,0.08
1.7032e-06,-0.004,-0.004,0.1,0.08
1.7036e-06,0.004,-0.004,0.1,0.08
1.7040e-06,0.004,-0.004,0.02,0.08
1.7044e-06,0.004,-0.004,0.02,0.08
1.7048e-06,-0.004,-0.004,0.02,0.08
1.7052e-06,-0.004,0.004,0.06,0.08
1.7056e-06,-0.004,0.004,0.02,0.08
1.7060e-06,-0.004,0.004,0.06,0.04
1.7064e-06,-0.004,-0.004,0.02,0.08
1.7068e-06,0.004,0.004,0.06,0.12
1.7072e-06,0.004,0.004,0.06,0.12
1.7076e-06,0.004,0.012,0.06,0.08
1.7080e-06,-0.004,-0.004,0.02,0.08
1.7084e-06,0.004,-0.012,0.06,0.08
1.7088e-06,0.004,0.004,0.02,0.08
1.7092e-06,-0.004,0.004,0.02,0.08
1.7096e-06,-0.004,0.004,-0.02,0.08
1.7100e-06,0.004,-0.004,0.06,0.08
1.7104e-06,-0.004,0.004,0.02,0.04
1.7108e-06,-0.004,-0.012,0.02,0.08
1.7112e-06,-0.004,-0.004,0.02,0.04
1.7116e-06,-0.012,-0.004,-0.02,0.08
1.7120e-06,0.004,-0.004,0.02,0.04
1.7124e-06,0.004,0.004,0.02,0.08
1.7128e-06,0.012,0.004,0.02,0.08
1.7132e-06,0.004,-0.004,0.02,0.08
1.7136e-06,-0.004,-0.004,0.02,0.08
1.7140e-06,-0.004,-0.004,0.06,0.12
1.7144e-06,-0.004,-0.004,0.06,0.08
1.7148e-06,0.004,-0.004,0.02,0.08
1.7152e-06,0.004,-0.012,0.02,0.08
1.7156e-06,0.004,-0.012,0.02,0.08
1.7160e-06,0.004,-0.012,0.06,0.08
1.7164e-06,-0.004,-0.004,0.02,0.08
1.7168e-06,0.004,-0.012,0.02,0.04
1.7172e-06,0.004,-0.012,-0.02,0
1.7176e-06,0.004,-0.012,0.02,0.08
1.7180e-06,-0.012,-0.012,0.06,0.08
1.7184e-06,-0.004,-0.012,-0.02,0.04
1.7188e-06,0.004,-0.012,0.02,0.04
1.7192e-06,0.004,-0.004,0.02,0.08
1.7196e-06,0.004,-0.004,0.06,0.08
1.7200e-06,0.004,-0.004,0.1,0.04
1.7204e-06,-0.004,0.004,0.02,0.08
1.7208e-06,-0.012,-0.004,0.02,0.04
1.7212e-06,-0.004,-0.004,0.02,0.08
1.7216e-06,0.004,-0.004,0.02,0.08
1.7220e-06,-0.004,0.012,0.02,0.04
1.7224e-06,-0.004,-0.004,0.06,0.04
1.7228e-06,0.004,0.004,0.1,0.04
1.7232e-06,0.004,0.004,0.06,0.04
1.7236e-06,-0.012,-0.004,0.02,0.08
1.7240e-06,-0.004,0.004,0.06,0.08
1.7244e-06,-0.004,0.004,0.02,0.08
1.7248e-06,0.004,-0.004,0.1,0.04
1.7252e-06,0.004,-0.004,0.02,0.08
1.7256e-06,0.004,-0.004,-0.02,0.04
1.7260e-06,0.004,0.004,0.02,0.08
1.7264e-06,0.004,0.004,0.06,0.08
1.7268e-06,-0.004,-0.004,0.1,0.08
1.7272e-06,0.004,0.004,0.06,0.08
1.7276e-06,0.004,0.012,0.06,0.04
1.7280e-06,-0.004,0.004,0.02,0.08
1.7284e-06,-0.004,-0.012,0.02,0.08
1.7288e-06,0.004,-0.004,0.06,0.12
1.7292e-06,0.004,-0.004,0.06,0.12
1.7296e-06,-0.004,-0.004,0.06,0.08
1.7300e-06,0.004,-0.004,0.06,0.04
1.7304e-06,-0.004,0.004,0.06,0.04
1.7308e-06,-0.004,0.012,0.06,0.08
1.7312e-06,-0.004,-0.004,0.02,0.04
1.7316e-06,-0.012,0.004,0.02,0.04
1.7320e-06,-0.004,-0.004,0.02,0.08
1.7324e-06,-0.004,0.004,0.06,0.12
1.7328e-06,0.004,0.004,0.02,0.12
1.7332e-06,0.012,-0.004,0.02,0.08
1.7336e-06,-0.004,-0.004,0.02,0.08
1.7340e-06,0.004,-0.004,0.02,0.12
1.7344e-06,-0.004,0.004,0.06,0.08
1.7348e-06,0.004,0.004,0.02,0.08
1.7352e-06,0.004,0.004,0.02,0.08
1.7356e-06,0.004,-0.004,0.02,0.12
1.7360e-06,0.004,0.012,0.02,0.08
1.7364e-06,-0.004,-0.004,0.02,0.08
1.7368e-06,-0.004,0.004,0.02,0.04
1.7372e-06,-0.004,-0.004,0.02,0.08
1.7376e-06,-0.004,0.004,0.06,0.08
1.7380e-06,-0.004,0.004,0.06,0.08
1.7384e-06,-0.004,0.004,0.06,0.04
1.7388e-06,-0.004,-0.004,0.02,0.04
1.7392e-06,-0.004,-0.004,0.02,0.04
1.7396e-06,0.004,-0.004,-0.02,0.08
1.7400e-06,0.004,0.004,0.02,0.12
1.7404e-06,-0.004,-0.004,0.02,0.04
1.7408e-06,-0.004,-0.004,0.02,0.08
1.7412e-06,-0.004,-0.004,0.02,0.12
1.7416e-06,-0.012,-0.004,0.02,0.04
1.7420e-06,-0.004,-0.004,-0.02,0.08
1.7424e-06,0.004,-0.012,0.02,0.08
1.7428e-06,0.004,0.004,0.02,0.12
1.7432e-06,-0.004,0.004,-0.02,0.08
1.7436e-06,0.004,-0.004,0.02,0.08
1.7440e-06,-0.004,0.004,0.02,0.12
1.7444e-06,0.004,-0.004,0.02,0.08
1.7448e-06,0.004,0.004,-0.02,0.04
1.7452e-06,0.004,0.004,0.06,0.04
1.7456e-06,-0.012,0.004,0.02,0.08
1.7460e-06,0.004,-0.004,0.02,0.08
1.7464e-06,-0.004,-0.012,0.02,0.08
1.7468e-06,-0.004,-0.004,0.06,0.04
1.7472e-06,-0.004,0.004,0.06,0.08
1.7476e-06,-0.004,-0.004,0.06,0.08
1.7480e-06,-0.004,-0.004,0.02,0.04
1.7484e-06,0.004,0.004,0.06,0.04
1.7488e-06,0.004,0.004,0.06,0.08
1.7492e-06,0.004,0.004,0.06,0.08
1.7496e-06,-0.004,-0.004,0.02,0.08
1.7500e-06,-0.004,-0.004,0.06,0.04
1.7504e-06,-0.004,-0.004,0.02,0.08
1.7508e-06,0.004,0.004,0.1,0.04
1.7512e-06,-0.004,-0.004,0.1,0.04
1.7516e-06,-0.004,-0.004,0.06,0.12
1.7520e-06,-0.004,-0.004,0.02,0.08
1.7524e-06,-0.004,-0.004,0.02,0.08
1.7528e-06,0.004,0.004,0.06,0.08
1.7532e-06,0.004,-0.004,0.02,0.08
1.7536e-06,-0.004,-0.004,0.02,0.04
1.7540e-06,-0.004,-0.004,0.1,0.08
1.7544e-06,0.004,-0.004,0.06,0.04
1.7548e-06,0.004,-0.004,0.1,0.08
1.7552e-06,-0.004,-0.004,0.02,0.08
1.7556e-06,0.004,0.004,-0.02,0
1.7560e-06,-0.004,0.004,-0.02,0.04
1.7564e-06,0.012,-0.004,-0.02,0.12
1.7568e-06,0.004,0.004,0.06,0.04
1.7572e-06,0.004,0.004,0.06,0.04
1.7576e-06,-0.004,0.004,0.06,0.04
1.7580e-06,0.004,0.004,0.02,0.08
1.7584e-06,0.012,0.012,0.02,0.08
1.7588e-06,0.004,0.004,0.02,0.08
1.7592e-06,0.004,-0.004,-0.02,0.08
1.7596e-06,0.004,-0.004,0.06,0.08
1.7600e-06,-0.004,-0.012,0.02,0.08
1.7604e-06,-0.004,0.004,0.02,0.08
1.7608e-06,-0.004,-0.004,0.02,0
1.7612e-06,-0.004,-0.004,0.06,0.08
1.7616e-06,-0.004,0.004,0.02,0.04
1.7620e-06,0.004,0.004,0.02,0.08
1.7624e-06,-0.004,-0.004,-0.02,0.04
1.7628e-06,-0.004,0.004,0.02,0.04
1.7632e-06,-0.004,-0.012,0.1,0.04
1.7636e-06,0.012,0.004,0.02,0.08
1.7640e-06,-0.004,-0.012,0.02,0.04
1.7644e-06,0.004,0.004,0.06,0.08
1.7648e-06,0.004,0.004,0.1,0.08
1.7652e-06,-0.004,-0.004,0.06,0.08
1.7656e-06,-0.004,-0.012,0.06,0.08
1.7660e-06,-0.004,-0.004,0.06,0.08
1.7664e-06,-0.004,-0.012,0.06,0.04
1.7668e-06,-0.004,-0.012,0.06,0.08
1.7672e-06,-0.004,-0.012,0.02,0.04
1.7676e-06,0.004,-0.012,0.06,0.08
1.7680e-06,0.004,-0.012,0.02,0.04
1.7684e-06,-0.004,-0.012,0.02,0.08
1.7688e-06,0.004,-0.012,0.02,0.08
1.7692e-06,-0.004,-0.004,0.02,0.08
1.7696e-06,-0.004,-0.004,0.1,0.04
1.7700e-06,-0.004,-0.004,0.02,0.04
1.7704e-06,0.004,0.004,0.02,0.08
1.7708e-06,-0.004,-0.004,0.06,0.08
1.7712e-06,-0.004,-0.004,0.06,0.08
1.7716e-06,0.012,-0.004,0.02,0.04
1.7720e-06,0.004,-0.004,0.1,0.08
1.7724e-06,0.004,-0.004,0.06,0.04
1.7728e-06,0.004,-0.004,0.02,0.04
1.7732e-06,0.004,-0.004,0.06,0.12
1.7736e-06,-0.004,0.004,0.06,0
1.7740e-06,-0.004,-0.004,-0.02,0.08
1.7744e-06,0.004,-0.004,0.06,0.08
1.7748e-06,0.004,-0.004,0.06,0.08
1.7752e-06,-0.012,-0.004,-0.02,0.04
1.7756e-06,-0.004,-0.004,0.02,0.08
1.7760e-06,-0.004,0.004,0.06,0.04
1.7764e-06,0.004,-0.012,0.02,0.08
1.7768e-06,-0.004,0.004,0.02,0.04
1.7772e-06,-0.004,0.012,0.02,0.04
1.7776e-06,-0.004,0.004,0.02,0.04
1.7780e-06,0.004,0.004,0.06,0.04
1.7784e-06,0.004,-0.004,0.02,0.04
1.7788e-06,0.012,0.004,0.02,0.04
1.7792e-06,-0.004,-0.004,0.06,0.08
1.7796e-06,-0.004,0.004,0.06,0.08
1.7800e-06,-0.004,-0.004,0.1,0.08
1.7804e-06,-0.004,-0.004,0.1,0.08
1.7808e-06,0.004,-0.004,0.06,0.08
1.7812e-06,-0.004,-0.004,0.06,0.08
1.7816e-06,-0.004,-0.004,0.02,0.08
1.7820e-06,0.004,-0.012,0.06,0.04
1.7824e-06,0.004,-0.012,0.06,0.08
1.7828e-06,0.004,0.004,0.06,0.04
1.7832e-06,0.004,-0.004,0.06,0.04
1.7836e-06,0.004,0.004,0.06,0.08
1.7840e-06,0.004,0.004,0.02,0.08
1.7844e-06,0.004,-0.004,0.1,0.04
1.7848e-06,-0.004,0.004,0.02,0
1.7852e-06,0.004,-0.004,-0.02,0.04
1.7856e-06,0.012,-0.004,0.02,0.04
1.7860e-06,0.004,-0.004,0.06,0.04
1.7864e-06,-0.004,-0.012,0.06,0.08
1.7868e-06,-0.004,-0.004,0.02,0.08
1.7872e-06,-0.004,-0.004,0.1,0.04
1.7876e-06,0.004,0.004,0.06,0.08
1.7880e-06,-0.004,-0.004,0.02,0.04
1.7884e-06,0.004,-0.004,0.02,0.04
1.7888e-06,-0.004,-0.004,0.06,0.08
1.7892e-06,0.004,-0.004,0.06,0.08
1.7896e-06,0.004,0.004,0.06,0.04
1.7900e-06,-0.004,-0.004,0.06,0.04
1.7904e-06,0.012,-0.004,0.02,0.04
1.7908e-06,0.004,-0.004,0.02,0.04
1.7912e-06,0.004,0.004,0.02,0.04
1.7916e-06,-0.004,-0.004,0.02,0.08
1.7920e-06,0.004,0.004,-0.02,0.08
1.7924e-06,0.004,-0.004,0.02,0.08
1.7928e-06,-0.004,0.004,0.02,0.08
1.7932e-06,0.004,-0.004,-0.02,0.04
1.7936e-06,-0.004,-0.012,-0.02,0.04
1.7940e-06,-0.004,-0.012,0.02,0.08
1.7944e-06,-0.004,-0.004,0.06,0.12
1.7948e-06,-0.004,0.004,0.02,0.04
1.7952e-06,-0.004,-0.004,0.02,0.12
1.7956e-06,0.004,-0.004,0.06,0.08
1.7960e-06,0.004,-0.004,0.06,0.08
1.7964e-06,-0.004,-0.004,0.02,0.08
1.7968e-06,-0.012,0.004,0.02,0.12
1.7972e-06,-0.004,-0.004,-0.02,0.08
1.7976e-06,0.004,-0.012,0.02,0.08
1.7980e-06,-0.004,-0.004,0.1,0.08
1.7984e-06,0.004,-0.004,0.1,0.08
1.7988e-06,-0.004,0.004,0.02,0.04
1.7992e-06,-0.004,0.004,0.02,0.08
1.7996e-06,0.004,0.004,0.02,0.08
1.8000e-06,-0.004,0.004,0.06,0.08
1.8004e-06,-0.004,-0.004,0.02,0.04
1.8008e-06,-0.004,0.004,-0.02,0.08
1.8012e-06,0.004,-0.004,0.1,0.04
1.8016e-06,-0.004,-0.004,0.02,0.08
1.8020e-06,-0.004,-0.004,0.02,0.08
1.8024e-06,-0.004,-0.004,0.1,0.08
1.8028e-06,0.004,-0.004,0.1,0.04
1.8032e-06,-0.004,0.012,0.1,0.04
1.8036e-06,0.004,0.004,0.06,0
1.8040e-06,0.004,-0.004,0.02,0.08
1.8044e-06,-0.004,-0.012,0.02,0.08
1.8048e-06,0.004,-0.004,0.06,0.08
1.8052e-06,0.004,0.004,0.02,0.08
1.8056e-06,0.004,0.004,0.1,0.12
1.8060e-06,0.004,-0.004,0.02,0.04
1.8064e-06,0.004,-0.004,0.06,0.04
1.8068e-06,0.004,-0.004,0.02,0.04
1.8072e-06,-0.004,0.004,0.06,0.12
1.8076e-06,-0.004,-0.012,0.06,0.08
1.8080e-06,-0.004,-0.012,0.06,0.04
1.8084e-06,0.004,-0.004,0.02,0.04
1.8088e-06,-0.004,-0.004,0.02,0.12
1.8092e-06,0.004,-0.004,0.06,0.08
1.8096e-06,-0.004,0.004,0.06,0.08
1.8100e-06,0.004,-0.004,0.02,0.08
1.8104e-06,-0.004,0.004,0.02,0.08
1.8108e-06,0.004,0.004,0.02,0.04
1.8112e-06,-0.004,0.004,0.06,0.08
1.8116e-06,-0.004,-0.004,0.06,0.08
1.8120e-06,-0.012,-0.004,0.06,0.12
1.8124e-06,-0.004,0.004,0.06,0.08
1.8128e-06,-0.004,0.004,-0.02,0.04
1.8132e-06,0.004,-0.004,0.02,0.08
1.8136e-06,-0.004,-0.004,0.02,0.12
1.8140e-06,-0.004,-0.004,0.02,0.08
1.8144e-06,0.004,0.004,0.02,0.08
1.8148e-06,0.004,0.004,-0.02,0.08
1.8152e-06,0.004,-0.004,0.02,0.04
1.8156e-06,0.004,-0.012,0.06,0.12
1.8160e-06,-0.004,-0.004,-0.02,0.08
1.8164e-06,0.004,0.004,0.06,0.08
1.8168e-06,-0.004,-0.004,0.02,0.08
1.8172e-06,-0.004,-0.004,0.1,0.04
1.8176e-06,0.004,0.004,0.02,0.12
1.8180e-06,0.004,0.004,0.06,0.08
1.8184e-06,-0.004,0.004,0.02,0.08
1.8188e-06,0.004,0.004,0.06,0.04
1.8192e-06,0.004,-0.004,0.06,0.08
1.8196e-06,-0.004,0.004,0.02,0.08
1.8200e-06,0.004,-0.004,0.02,0.04
1.8204e-06,0.004,-0.012,0.02,0.04
1.8208e-06,0.004,-0.012,0.02,0
1.8212e-06,0.004,-0.004,0.02,0.08
1.8216e-06,-0.004,-0.004,0.06,0.12
1.8220e-06,-0.004,0.004,0.06,0.04
1.8224e-06,0.004,0.004,0.02,0.08
1.8228e-06,-0.004,0.004,0.06,0.08
1.8232e-06,-0.004,0.004,0.02,0.08
1.8236e-06,-0.004,-0.004,0.1,0.08
1.8240e-06,-0.004,-0.004,0.02,0.04
1.8244e-06,-0.012,-0.004,0.02,0.04
1.8248e-06,-0.012,0.004,0.02,0.08
1.8252e-06,-0.004,0.004,0.06,0.08
1.8256e-06,-0.004,-0.004,0.1,0.04
1.8260e-06,-0.012,-0.004,0.1,0.04
1.8264e-06,-0.012,0.004,0.02,0.04
1.8268e-06,-0.004,0.012,0.06,0.08
1.8272e-06,0.004,-0.004,0.02,0.04
1.8276e-06,0.004,-0.004,0.02,0.04
1.8280e-06,0.012,-0.004,-0.02,0.04
1.8284e-06,0.004,-0.012,0.06,0.04
1.8288e-06,-0.004,-0.004,0.1,0.08
1.8292e-06,0.004,0.004,0.02,0.08
1.8296e-06,0.004,0.004,0.02,0.08
1.8300e-06,-0.004,-0.004,0.02,0.04
1.8304e-06,-0.004,0.004,0.02,0.04
1.8308e-06,0.004,-0.004,0.02,0.08
1.8312e-06,0.004,-0.004,0.02,0.08
1.8316e-06,0.004,-0.004,0.02,0.08
1.8320e-06,0.004,-0.004,0.1,0.08
1.8324e-06,-0.004,-0.004,0.02,0.04
1.8328e-06,0.004,-0.004,0.06,0
1.8332e-06,-0.004,-0.004,-0.02,0.04
1.8336e-06,0.004,0.004,0.02,0.04
1.8340e-06,-0.004,0.004,0.02,0.12
1.8344e-06,-0.004,-0.004,0.02,0.12
1.8348e-06,0.004,0.004,0.02,0.04
1.8352e-06,-0.012,-0.004,0.02,0.08
1.8356e-06,0.004,-0.012,0.02,0.08
1.8360e-06,0.004,-0.004,0.02,0.04
1.8364e-06,-0.004,-0.004,0.06,0.08
1.8368e-06,-0.004,-0.004,0.06,0.04
1.8372e-06,-0.004,-0.004,0.02,0.08
1.8376e-06,-0.004,-0.004,0.02,0.12
1.8380e-06,0.004,-0.004,0.06,0.04
1.8384e-06,-0.004,-0.004,0.02,0.04
1.8388e-06,-0.004,-0.004,0.02,0.04
1.8392e-06,0.004,-0.004,0.06,0.08
1.8396e-06,-0.004,0.004,0.02,0.08
1.8400e-06,0.004,0.004,0.06,0.04
1.8404e-06,0.004,0.004,0.1,0.08
1.8408e-06,0.004,-0.004,0.02,0.04
1.8412e-06,0.004,-0.012,0.02,0.04
1.8416e-06,0.004,-0.004,-0.02,0.08
1.8420e-06,0.004,0.012,0.02,0.08
1.8424e-06,-0.004,0.004,0.06,0.08
1.8428e-06,0.004,-0.004,0.06,0.08
1.8432e-06,0.004,0.004,-0.02,0.08
1.8436e-06,0.004,-0.004,0.02,0.08
1.8440e-06,-0.012,0.004,0.06,0.08
1.8444e-06,0.004,0.012,0.02,0.12
1.8448e-06,-0.004,0.004,0.02,0.12
1.8452e-06,-0.012,-0.004,0.1,0.08
1.8456e-06,-0.012,-0.004,0.06,0.04
1.8460e-06,0.004,0.004,0.06,0.12
1.8464e-06,0.004,-0.004,0.02,0.08
1.8468e-06,0.004,-0.004,0.02,0.08
1.8472e-06,-0.012,-0.004,0.06,0.08
1.8476e-06,-0.004,0.012,0.02,0.04
1.8480e-06,0.004,-0.004,0.02,0.04
1.8484e-06,0.004,-0.004,0.02,0.08
1.8488e-06,-0.004,-0.012,0.06,0.08
1.8492e-06,0.012,-0.004,0.02,0.08
1.8496e-06,0.004,-0.004,0.06,0.08
1.8500e-06,-0.004,0.004,0.06,0.04
1.8504e-06,0.004,0.012,0.06,0.04
1.8508e-06,0.004,-0.012,0.02,0.08
1.8512e-06,-0.004,0.004,0.02,0.08
1.8516e-06,-0.004,0.004,0.02,0.04
1.8520e-06,0.004,0.004,0.02,0.04
1.8524e-06,0.004,0.004,0.06,0.08
1.8528e-06,0.004,0.004,0.02,0.08
1.8532e-06,-0.004,-0.004,0.02,0.04
1.8536e-06,0.004,-0.004,0.02,0.04
1.8540e-06,0.004,-0.004,0.06,0
1.8544e-06,-0.004,-0.004,0.06,0.08
1.8548e-06,-0.004,0.004,0.02,0.04
1.8552e-06,-0.004,0.004,0.06,0.04
1.8556e-06,-0.004,0.004,0.02,0.04
1.8560e-06,-0.004,-0.004,0.06,0.04
1.8564e-06,-0.004,0.012,0.02,0.04
1.8568e-06,0.004,-0.004,0.02,0.08
1.8572e-06,0.004,-0.012,0.06,0.08
1.8576e-06,-0.004,-0.004,0.1,0.08
1.8580e-06,0.012,-0.004,0.06,0.04
1.8584e-06,0.012,-0.004,0.06,0.04
1.8588e-06,0.004,-0.004,0.06,0.04
1.8592e-06,0.004,-0.004,0.06,0.04
1.8596e-06,-0.004,-0.012,0.06,0.04
1.8600e-06,-0.004,0.004,0.06,0.08
1.8604e-06,-0.004,0.004,0.06,0.08
1.8608e-06,-0.004,0.012,0.02,0.08
1.8612e-06,0.004,-0.004,0.02,0.04
1.8616e-06,0.004,0.004,-0.02,0.04
1.8620e-06,0.004,0.004,-0.02,0.08
1.8624e-06,0.012,-0.012,-0.02,0.08
1.8628e-06,-0.004,-0.004,0.02,0.08
1.8632e-06,0.004,-0.004,0.02,0.08
1.8636e-06,-0.004,-0.004,-0.02,0.08
1.8640e-06,0.004,-0.004,-0.02,0.08
1.8644e-06,-0.004,-0.004,-0.02,0.04
1.8648e-06,-0.012,-0.004,0.02,0.04
1.8652e-06,0.004,-0.004,-0.02,0.08
1.8656e-06,-0.004,-0.004,-0.02,0.08
1.8660e-06,0.004,0.004,-0.02,0.04
1.8664e-06,-0.004,0.012,-0.02,0.08
1.8668e-06,0.004,0.004,0.02,0.04
1.8672e-06,0.004,-0.004,0.02,0.04
1.8676e-06,0.004,-0.004,0.02,0
1.8680e-06,-0.004,-0.004,0.02,0.04
1.8684e-06,-0.004,0.004,0.02,0.08
1.8688e-06,0.004,0.004,0.06,0.08
1.8692e-06,0.004,0.004,0.02,0.04
1.8696e-06,0.004,0.004,0.02,0.08
1.8700e-06,0.004,0.004,0.06,0.04
1.8704e-06,0.004,0.004,0.02,0.08
1.8708e-06,0.004,0.004,0.06,0.12
1.8712e-06,0.004,0.004,0.02,0.12
1.8716e-06,-0.004,0.004,0.06,0.08
1.8720e-06,-0.004,-0.004,0.1,0.08
1.8724e-06,0.004,0.004,0.06,0.08
1.8728e-06,0.004,0.004,0.06,0.08
1.8732e-06,0.004,-0.004,0.06,0.08
1.8736e-06,-0.004,-0.004,0.02,0.08
1.8740e-06,0.004,0.004,0.06,0.08
1.8744e-06,-0.004,0.004,0.02,0.08
1.8748e-06,0.004,0.012,0.06,0.08
1.8752e-06,0.004,-0.004,0.02,0.12
1.8756e-06,0.004,0.004,0.06,0.08
1.8760e-06,-0.012,-0.012,0.1,0.08
1.8764e-06,-0.004,0.004,0.02,0.08
1.8768e-06,-0.004,-0.004,0.06,0.04
1.8772e-06,-0.004,-0.004,0.06,0.04
1.8776e-06,0.004,0.004,0.06,0.04
1.8780e-06,0.004,-0.004,0.06,0.08
1.8784e-06,-0.004,0.004,0.02,0.08
1.8788e-06,0.004,-0.004,0.06,0.08
1.8792e-06,-0.004,-0.012,0.06,0.08
1.8796e-06,-0.004,-0.004,0.06,0.08
1.8800e-06,-0.004,-0.004,0.06,0.08
1.8804e-06,-0.004,-0.004,0.06,0.08
1.8808e-06,0.004,-0.004,0.06,0.08
1.8812e-06,-0.004,0.004,0.06,0.08
1.8816e-06,0.004,0.004,0.06,0.08
1.8820e-06,0.004,-0.004,0.02,0.04
1.8824e-06,-0.004,0.004,0.1,0.08
1.8828e-06,0.004,-0.004,0.02,0.08
1.8832e-06,-0.004,-0.004,0.06,0.04
1.8836e-06,-0.004,-0.004,0.06,0.04
1.8840e-06,-0.004,-0.004,0.02,0.08
1.8844e-06,0.004,-0.004,0.06,0.12
1.8848e-06,-0.004,-0.004,0.1,0.04
1.8852e-06,-0.004,-0.004,0.06,0.04
1.8856e-06,0.004,-0.012,0.02,0.08
1.8860e-06,-0.012,0.004,0.06,0.08
1.8864e-06,-0.004,0.004,0.02,0.08
1.8868e-06,0.004,0.004,0.06,0.04
1.8872e-06,0.004,-0.004,0.02,0.04
1.8876e-06,0.004,-0.004,0.02,0.08
1.8880e-06,-0.004,0.004,0.02,0.08
1.8884e-06,0.004,0.004,0.06,0.08
1.8888e-06,-0.004,0.004,0.02,0.08
1.8892e-06,-0.004,-0.004,0.06,0.12
1.8896e-06,-0.004,0.012,0.1,0.04
1.8900e-06,-0.012,-0.004,0.02,0.08
1.8904e-06,0.004,0.004,0.02,0.04
1.8908e-06,0.004,0.004,0.02,0
1.8912e-06,-0.004,-0.004,0.02,0.08
1.8916e-06,-0.004,-0.004,0.02,0.04
1.8920e-06,-0.004,-0.004,0.06,0.08
1.8924e-06,-0.004,-0.004,0.06,0.08
1.8928e-06,0.004,0.004,0.02,0.08
1.8932e-06,-0.004,-0.004,0.06,0.04
1.8936e-06,0.004,-0.004,0.06,0.04
1.8940e-06,-0.004,-0.004,0.06,0.04
1.8944e-06,0.004,0.004,0.06,0.08
1.8948e-06,-0.004,-0.004,-0.02,0.08
1.8952e-06,0.012,-0.004,0.06,0.08
1.8956e-06,0.004,-0.004,0.02,0.08
1.8960e-06,0.012,-0.004,-0.02,0.08
1.8964e-06,-0.004,-0.004,0.06,0.08
1.8968e-06,-0.004,-0.004,0.02,0.08
1.8972e-06,0.004,0.004,0.02,0.08
1.8976e-06,-0.004,0.004,0.06,0.04
1.8980e-06,-0.004,0.004,0.02,0.04
1.8984e-06,-0.004,-0.004,0.02,0.04
1.8988e-06,-0.004,0.004,0.02,0.08
1.8992e-06,-0.004,-0.004,0.02,0.08
1.8996e-06,-0.004,-0.004,0.02,0.08
1.9000e-06,0.004,-0.004,0.06,0.08
1.9004e-06,-0.004,0.004,0.02,0.04
1.9008e-06,0.004,-0.004,0.02,0.08
1.9012e-06,0.004,-0.004,-0.02,0.08
1.9016e-06,0.004,-0.004,0.06,0.04
1.9020e-06,-0.004,-0.004,0.06,0.04
1.9024e-06,-0.004,-0.012,0.06,0.08
1.9028e-06,-0.004,-0.004,0.02,0.12
1.9032e-06,-0.004,0.004,0.06,0.12
1.9036e-06,-0.004,-0.004,0.02,0.12
1.9040e-06,0.004,0.004,0.06,0.08
1.9044e-06,-0.004,0.004,0.02,0
1.9048e-06,-0.004,0.004,0.1,0.08
1.9052e-06,0.004,-0.004,0.02,0.08
1.9056e-06,0.004,0.004,0.06,0.12
1.9060e-06,0.004,0.004,0.06,0.08
1.9064e-06,0.004,-0.004,0.06,0.04
1.9068e-06,-0.004,-0.004,0.02,0.04
1.9072e-06,-0.004,0.004,0.02,0.08
1.9076e-06,0.012,0.004,0.02,0.12
1.9080e-06,-0.004,0.004,0.06,0.08
1.9084e-06,0.012,-0.004,0.06,0.08
1.9088e-06,0.004,0.012,0.02,0.08
1.9092e-06,0.004,0.004,0.02,0.08
1.9096e-06,0.004,0.004,0.02,0.04
1.9100e-06,0.004,0.004,0.06,0.08
1.9104e-06,0.004,-0.004,0.06,0.08
1.9108e-06,-0.004,-0.004,0.06,0.08
1.9112e-06,-0.004,0.004,0.02,0.08
1.9116e-06,0.004,-0.012,0.02,0.08
1.9120e-06,0.004,0.004,-0.02,0.04
1.9124e-06,0.004,0.004,0.06,0.04
1.9128e-06,-0.004,0.004,-0.02,0.08
1.9132e-06,-0.004,0.004,0.06,0.08
1.9136e-06,-0.004,-0.004,0.02,0.08
1.9140e-06,-0.004,0.004,0.06,0.08
1.9144e-06,0.004,0.004,0.02,0.08
1.9148e-06,0.004,-0.004,0.02,0.04
1.9152e-06,-0.004,-0.004,-0.02,0.08
1.9156e-06,0.004,-0.004,0.02,0.04
1.9160e-06,0.004,-0.004,0.02,0.04
1.9164e-06,-0.004,-0.004,0.02,0.04
1.9168e-06,0.004,-0.004,0.06,0.08
1.9172e-06,-0.004,-0.004,0.02,0.08
1.9176e-06,-0.004,-0.004,0.06,0.08
1.9180e-06,-0.004,0.004,0.06,0.08
1.9184e-06,0.004,-0.012,0.06,0.08
1.9188e-06,0.004,-0.004,0.06,0.08
1.9192e-06,0.004,-0.004,0.02,0.08
1.9196e-06,0.004,-0.004,0.02,0.08
1.9200e-06,-0.004,-0.004,0.06,0.08
1.9204e-06,-0.012,0.004,0.02,0.04
1.9208e-06,-0.004,-0.004,0.06,0.04
1.9212e-06,0.004,-0.004,0.06,0.08
1.9216e-06,0.004,-0.012,0.06,0.08
1.9220e-06,-0.004,-0.004,0.06,0.08
1.9224e-06,-0.004,0.004,0.06,0.08
1.9228e-06,0.004,0.004,0.06,0.04
1.9232e-06,-0.004,0.004,0.1,0.08
1.9236e-06,-0.004,0.004,0.06,0.04
1.9240e-06,-0.004,0.004,0.02,0.04
1.9244e-06,-0.004,0.004,0.06,0.04
1.9248e-06,0.004,-0.004,0.02,0.08
1.9252e-06,-0.004,0.004,0.06,0.04
1.9256e-06,0.004,0.004,0.06,0.04
1.9260e-06,-0.004,0.004,0.02,0.08
1.9264e-06,0.004,0.004,0.02,0.04
1.9268e-06,0.004,-0.004,0.06,0.08
1.9272e-06,-0.004,0.004,0.02,0.08
1.9276e-06,-0.004,0.012,0.02,0.04
1.9280e-06,-0.004,-0.004,0.06,0.04
1.9284e-06,-0.012,-0.004,0.1,0.04
1.9288e-06,-0.004,0.012,0.06,0.08
1.9292e-06,0.004,0.004,0.02,0.04
1.9296e-06,-0.004,0.004,0.02,0.08
1.9300e-06,0.004,-0.004,0.02,0.04
1.9304e-06,0.012,-0.004,0.02,0.08
1.9308e-06,0.004,-0.012,0.02,0.08
1.9312e-06,-0.012,-0.004,0.1,0.04
1.9316e-06,0.004,-0.004,0.02,0.08
1.9320e-06,0.004,-0.004,0.02,0.08
1.9324e-06,-0.004,-0.004,0.06,0.08
1.9328e-06,-0.004,0.004,0.06,0.08
1.9332e-06,0.004,-0.004,0.1,0.08
1.9336e-06,-0.004,-0.004,0.06,0.08
1.9340e-06,-0.004,-0.004,0.02,0.08
1.9344e-06,0.004,0.004,0.06,0.04
1.9348e-06,0.004,0.004,0.02,0.08
1.9352e-06,-0.004,0.004,0.06,0.04
1.9356e-06,-0.004,0.004,0.06,0.04
1.9360e-06,0.004,0.004,0.06,0.04
1.9364e-06,0.004,0.004,0.06,0.04
1.9368e-06,0.004,-0.004,0.02,0.04
1.9372e-06,0.004,-0.004,0.02,0.08
1.9376e-06,-0.004,0.004,0.06,0.08
1.9380e-06,0.004,-0.004,0.02,0.08
1.9384e-06,0.004,-0.004,0.06,0.08
1.9388e-06,-0.004,0.004,0.06,0.08
1.9392e-06,0.004,-0.004,0.02,0.04
1.9396e-06,0.004,0.004,0.02,0.08
1.9400e-06,-0.004,-0.004,0.06,0.12
1.9404e-06,-0.004,-0.004,0.02,0.04
1.9408e-06,0.004,0.004,0.06,0.04
1.9412e-06,0.004,-0.004,0.06,0.04
1.9416e-06,-0.004,-0.004,0.06,0.08
1.9420e-06,-0.004,-0.012,0.1,0.08
1.9424e-06,0.004,0.004,0.02,0.04
1.9428e-06,0.004,0.004,0.02,0.04
1.9432e-06,0.004,0.004,0.06,0.12
1.9436e-06,-0.012,-0.004,-0.02,0.08
1.9440e-06,0.004,0.004,0.06,0.04
1.9444e-06,-0.004,0.004,0.06,0.04
1.9448e-06,0.012,-0.004,0.06,0.08
1.9452e-06,0.004,0.004,0.06,0.12
1.9456e-06,-0.004,-0.004,0.06,0.08
1.9460e-06,0.004,0.004,0.02,0.08
1.9464e-06,0.004,-0.004,0.1,0.04
1.9468e-06,-0.004,-0.004,0.06,0.08
1.9472e-06,-0.004,-0.004,0.02,0.08
1.9476e-06,-0.004,0.012,0.02,0.04
1.9480e-06,0.004,-0.004,-0.02,0.08
1.9484e-06,-0.012,-0.004,0.02,0.08
1.9488e-06,-0.004,-0.004,0.02,0.08
1.9492e-06,-0.004,0.004,0.06,0.08
1.9496e-06,0.004,-0.012,0.02,0.08
1.9500e-06,-0.004,-0.004,0.02,0.08
1.9504e-06,0.004,0.004,0.02,0.08
1.9508e-06,0.004,-0.004,0.06,0.08
1.9512e-06,0.004,0.012,0.02,0.08
1.9516e-06,0.012,-0.004,0.06,0.04
1.9520e-06,0.004,0.004,0.02,0.08
1.9524e-06,0.004,-0.004,0.02,0.08
1.9528e-06,-0.004,-0.004,0.02,0.08
1.9532e-06,-0.004,0.004,0.02,0.08
1.9536e-06,0.004,0.004,0.02,0.08
1.9540e-06,-0.004,0.004,0.02,0.12
1.9544e-06,0.004,-0.004,0.02,0.04
1.9548e-06,0.004,-0.004,0.1,0.08
1.9552e-06,-0.004,0.004,0.06,0.04
1.9556e-06,-0.004,0.012,0.02,0.04
1.9560e-06,-0.004,0.004,0.02,0.08
1.9564e-06,-0.004,-0.004,0.1,0.08
1.9568e-06,-0.004,0.004,0.06,0.08
1.9572e-06,-0.004,-0.004,0.06,0.08
1.9576e-06,-0.012,0.004,0.06,0.04
1.9580e-06,-0.004,0.004,0.02,0.08
1.9584e-06,-0.004,-0.004,0.06,0.08
1.9588e-06,-0.004,0.004,0.02,0.08
1.9592e-06,-0.004,-0.004,0.02,0.08
1.9596e-06,-0.004,0.004,0.06,0.08
1.9600e-06,-0.004,-0.004,-0.02,0.12
1.9604e-06,-0.012,0.004,0.06,0.08
1.9608e-06,-0.004,-0.004,0.06,0.08
1.9612e-06,0.004,0.004,0.06,0.08
1.9616e-06,-0.012,-0.004,0.02,0.08
1.9620e-06,0.004,-0.004,0.06,0.04
1.9624e-06,-0.012,-0.004,0.1,0.04
1.9628e-06,-0.004,-0.004,0.02,0
1.9632e-06,-0.004,-0.004,0.06,0.04
1.9636e-06,-0.004,-0.004,0.1,0.04
1.9640e-06,0.004,0.004,0.02,0.04
1.9644e-06,0.012,0.012,0.06,0.04
1.9648e-06,0.004,-0.004,0.02,0.12
1.9652e-06,-0.004,0.004,0.02,0.04
1.9656e-06,-0.012,-0.004,0.06,0.12
1.9660e-06,0.004,-0.012,0.06,0.12
1.9664e-06,0.004,-0.004,0.02,0.08
1.9668e-06,-0.004,0.004,0.06,0.08
1.9672e-06,-0.004,-0.004,0.02,0.08
1.9676e-06,0.004,-0.004,0.06,0.08
1.9680e-06,-0.004,0.004,-0.02,0
1.9684e-06,-0.004,0.004,0.06,0
1.9688e-06,-0.004,-0.004,0.02,0.04
1.9692e-06,-0.004,-0.004,0.06,0.08
1.9696e-06,0.004,-0.004,0.06,0
1.9700e-06,-0.004,0.004,0.02,0.04
1.9704e-06,-0.004,0.004,0.1,0.04
1.9708e-06,0.004,0.004,0.02,0.08
1.9712e-06,-0.004,-0.004,0.06,0.08
1.9716e-06,-0.004,0.004,0.02,0.08
1.9720e-06,-0.004,-0.004,0.02,0.04
1.9724e-06,-0.004,0.004,0.06,0.04
1.9728e-06,-0.004,0.004,0.02,0.08
1.9732e-06,0.004,-0.004,0.02,0.08
1.9736e-06,-0.004,0.004,0.06,0.08
1.9740e-06,-0.004,0.004,0.06,0.12
1.9744e-06,0.004,0.004,0.06,0.08
1.9748e-06,0.012,0.004,0.06,0.08
1.9752e-06,0.004,0.004,0.06,0.08
1.9756e-06,0.004,-0.004,0.06,0.08
1.9760e-06,0.004,-0.004,0.06,0.08
1.9764e-06,0.004,-0.004,0.02,0.08
1.9768e-06,0.012,-0.004,0.02,0.04
1.9772e-06,-0.004,0.004,-0.02,0.04
1.9776e-06,-0.004,-0.004,0.06,0.04
1.9780e-06,-0.004,0.004,0.06,0.04
1.9784e-06,0.004,0.004,0.02,0.04
1.9788e-06,0.004,-0.004,0.02,0.08
1.9792e-06,-0.004,-0.004,0.02,0.08
1.9796e-06,0.004,-0.004,0.1,0.04
1.9800e-06,-0.004,-0.004,0.06,0.04
1.9804e-06,-0.004,-0.012,0.06,0.08
1.9808e-06,-0.004,-0.004,0.02,0.12
1.9812e-06,-0.004,-0.004,0.02,0.08
1.9816e-06,-0.004,-0.004,0.02,0.08
1.9820e-06,-0.004,-0.004,0.06,0.04
1.9824e-06,-0.004,0.004,-0.02,0.08
1.9828e-06,0.004,-0.004,0.02,0.04
1.9832e-06,-0.004,0.004,0.02,0.04
1.9836e-06,-0.004,0.004,0.06,0.08
1.9840e-06,-0.004,-0.004,0.02,0.04
1.9844e-06,-0.004,-0.004,0.06,0.04
1.9848e-06,0.004,-0.004,0.06,0.04
1.9852e-06,-0.004,0.004,0.06,0.08
1.9856e-06,0.004,0.004,0.06,0.08
1.9860e-06,0.004,-0.012,0.02,0.04
1.9864e-06,0.004,-0.004,0.02,0.04
1.9868e-06,0.004,0.004,0.06,0.08
1.9872e-06,-0.004,0.004,0.02,0.04
1.9876e-06,-0.004,0.004,0.06,0.04
1.9880e-06,0.004,0.004,0.06,0.04
1.9884e-06,0.004,0.004,0.02,0.04
1.9888e-06,-0.012,0.004,0.06,0.04
1.9892e-06,-0.004,0.004,0.06,0.04
1.9896e-06,-0.004,0.004,0.06,0
1.9900e-06,-0.012,0.004,-0.02,0.08
1.9904e-06,0.004,-0.004,0.02,0.08
1.9908e-06,-0.004,0.004,0.02,0.08
1.9912e-06,0.004,-0.004,0.02,0.08
1.9916e-06,0.004,0.012,0.06,0
1.9920e-06,-0.004,-0.004,0.06,0.04
1.9924e-06,-0.004,-0.004,0.02,0.04
1.9928e-06,0.012,-0.004,0.06,0.04
1.9932e-06,-0.004,-0.004,0.02,0.08
1.9936e-06,0.004,0.004,0.02,0.08
1.9940e-06,0.004,-0.004,0.02,0.08
1.9944e-06,-0.004,-0.004,0.02,0.04
1.9948e-06,0.004,0.004,0.06,0.08
1.9952e-06,0.012,0.012,0.02,0.04
1.9956e-06,0.004,0.004,0.06,0.04
1.9960e-06,0.004,-0.004,0.02,0.04
1.9964e-06,0.004,-0.004,0.02,0.08
1.9968e-06,0.004,-0.012,0.06,0.04
1.9972e-06,-0.004,-0.004,0.06,0.04
1.9976e-06,0.012,0.004,0.1,0.04
1.9980e-06,-0.004,0.004,0.06,0.04
1.9984e-06,0.004,0.004,0.06,0.08
1.9988e-06,-0.004,-0.004,0.06,0.08
1.9992e-06,0.004,0.004,0.06,0.04
1.9996e-06,-0.012,-0.004,0.06,0.04
2.0000e-06,0.004,-0.012,0.02,0.04
2.0004e-06,-0.004,0.004,0.06,0.08
2.0008e-06,0.012,-0.004,0.06,0
2.0012e-06,-0.004,0.004,0.1,0
2.0016e-06,-0.004,-0.004,0.02,0.04
2.0020e-06,-0.004,-0.004,0.02,0.12
2.0024e-06,-0.012,-0.004,0.02,0.04
2.0028e-06,-0.012,0.004,0.02,0.08
2.0032e-06,-0.012,-0.004,0.02,0.04
2.0036e-06,-0.02,-0.004,0.02,0.08
2.0040e-06,-0.012,-0.004,0.06,0.08
2.0044e-06,-0.012,-0.004,0.02,0.04
2.0048e-06,-0.012,-0.004,0.02,0.08
2.0052e-06,-0.004,0.004,0.02,0.08
2.0056e-06,-0.012,0.004,0.06,0.04
2.0060e-06,-0.012,0.004,0.06,0.04
2.0064e-06,-0.004,0.004,0.02,0.08
2.0068e-06,-0.004,0.004,0.02,0.08
2.0072e-06,-0.004,0.004,0.06,0.04
2.0076e-06,0.004,-0.004,0.06,0.04
2.0080e-06,0.004,-0.004,0.02,0.04
2.0084e-06,-0.004,-0.004,0.02,0.08
2.0088e-06,0.004,0.004,-0.02,0.04
2.0092e-06,-0.004,0.004,-0.02,0.04
2.0096e-06,0.004,-0.012,0.02,0.04
2.0100e-06,0.004,-0.004,0.02,0.04
2.0104e-06,0.004,-0.012,0.1,0.08
2.0108e-06,0.004,-0.004,0.02,0
2.0112e-06,-0.004,0.004,0.02,0
2.0116e-06,-0.004,-0.004,0.02,0.04
2.0120e-06,0.004,-0.004,0.06,0.04
2.0124e-06,0.004,-0.004,0.06,0.04
2.0128e-06,0.004,-0.004,0.02,0.08
2.0132e-06,0.004,-0.004,0.02,0.04
2.0136e-06,0.004,0.004,0.06,0.04
2.0140e-06,0.004,-0.004,0.02,0.04
2.0144e-06,-0.004,0.004,0.02,0
2.0148e-06,-0.004,0.004,0.02,0.04
2.0152e-06,0.004,0.004,0.02,0.04
2.0156e-06,0.004,0.004,0.06,0
2.0160e-06,0.004,-0.004,0.06,0.08
2.0164e-06,0.004,-0.004,0.06,0.08
2.0168e-06,0.004,0.004,0.02,0.08
2.0172e-06,0.004,0.004,-0.02,0.04
2.0176e-06,0.004,-0.004,0.06,0.04
2.0180e-06,-0.012,0.004,0.06,0.08
2.0184e-06,0.004,0.004,0.06,0.08
2.0188e-06,-0.004,-0.004,0.02,0.08
2.0192e-06,0.004,-0.004,0.06,0.04
2.0196e-06,0.004,-0.004,0.02,0.08
2.0200e-06,0.004,0.004,0.02,0.08
2.0204e-06,0.004,-0.004,0.02,0
2.0208e-06,-0.004,0.004,0.02,0.04
2.0212e-06,0.004,-0.004,0.02,0.04
2.0216e-06,-0.004,0.004,0.06,0.04
2.0220e-06,-0.004,-0.004,-0.02,0.08
2.0224e-06,-0.004,0.004,0.02,0.08
2.0228e-06,0.004,0.004,-0.02,0.04
2.0232e-06,-0.012,-0.004,0.02,0.04
2.0236e-06,-0.004,0.004,0.02,0.08
2.0240e-06,0.004,0.004,0.06,0.08
2.0244e-06,-0.004,0.004,0.06,0.08
2.0248e-06,-0.012,0.004,0.1,0.08
2.0252e-06,-0.012,0.012,0.06,0.08
2.0256e-06,-0.004,0.004,0.06,0.08
2.0260e-06,0.004,-0.004,0.02,0.04
2.0264e-06,0.004,0.004,0.06,0.08
2.0268e-06,-0.004,-0.004,0.1,0.04
2.0272e-06,0.004,-0.004,0.06,0.04
2.0276e-06,-0.004,-0.012,0.02,0.08
2.0280e-06,0.004,-0.012,0.06,0.08
2.0284e-06,0.004,-0.012,0.06,0
2.0288e-06,-0.004,-0.012,0.06,0.04
2.0292e-06,-0.004,-0.02,0.06,0.04
2.0296e-06,-0.004,-0.02,0.1,0.04
2.0300e-06,-0.004,-0.028,0.02,0.04
2.0304e-06,-0.004,-0.028,0.06,0.04
2.0308e-06,-0.004,-0.02,0.06,0.04
2.0312e-06,0.004,-0.02,0.06,0.04
2.0316e-06,-0.004,-0.02,0.06,0.12
2.0320e-06,0.004,-0.012,0.1,0.08
2.0324e-06,-0.004,-0.012,0.06,0.04
2.0328e-06,-0.012,-0.012,0.1,0.08
2.0332e-06,-0.004,-0.012,0.06,0.08
2.0336e-06,0.004,-0.004,0.06,0.04
2.0340e-06,-0.004,-0.004,0.1,0.04
2.0344e-06,0.004,-0.004,0.02,0.08
2.0348e-06,-0.004,-0.004,0.1,0.04
2.0352e-06,-0.004,-0.004,0.06,0.04
2.0356e-06,-0.004,-0.004,0.06,0.04
2.0360e-06,-0.004,-0.004,0.06,0.04
2.0364e-06,0.004,-0.004,0.02,0.08
2.0368e-06,-0.004,-0.004,0.02,0.08
2.0372e-06,0.004,-0.004,0.06,0.04
2.0376e-06,-0.004,-0.004,0.02,0.08
2.0380e-06,-0.004,0.004,0.02,0.08
2.0384e-06,-0.004,-0.004,0.06,0.04
2.0388e-06,-0.004,-0.004,0.02,0.12
2.0392e-06,0.004,-0.004,0.06,0.08
2.0396e-06,0.004,-0.004,0.02,0.12
2.0400e-06,-0.004,0.004,0.02,0.08
2.0404e-06,0.012,0.004,0.06,0.04
2.0408e-06,0.004,-0.004,0.02,0.04
2.0412e-06,0.004,-0.004,0.02,0.12
2.0416e-06,0.004,-0.004,0.06,0.08
2.0420e-06,0.012,-0.004,0.06,0.04
2.0424e-06,0.004,-0.004,0.02,0.04
2.0428e-06,0.004,0.004,0.02,0.08
2.0432e-06,-0.004,0.004,0.02,0.04
2.0436e-06,0.004,0.004,0.06,0.08
2.0440e-06,0.004,0.004,0.02,0.08
2.0444e-06,-0.004,-0.012,0.06,0.08
2.0448e-06,-0.004,0.004,0.06,0.12
2.0452e-06,-0.004,-0.004,0.02,0.08
2.0456e-06,-0.004,-0.004,0.02,0.12
2.0460e-06,-0.004,-0.004,0.02,0.04
2.0464e-06,0.012,0.004,0.02,0.04
2.0468e-06,0.004,-0.004,-0.02,0.08
2.0472e-06,0.004,-0.012,0.02,0.08
2.0476e-06,0.004,0.004,0.06,0.08
2.0480e-06,-0.004,0.004,0.02,0.08
2.0484e-06,0.004,0.004,0.06,0.08
2.0488e-06,-0.004,0.004,0.06,0.08
2.0492e-06,-0.004,-0.004,0.02,0.08
2.0496e-06,0.004,-0.004,0.06,0.04
2.0500e-06,-0.004,0.004,0.06,0.04
2.0504e-06,0.004,0.004,0.1,0.08
2.0508e-06,-0.004,0.004,-0.02,0.04
2.0512e-06,-0.004,0.004,0.02,0.08
2.0516e-06,-0.012,0.004,0.02,0.04
2.0520e-06,0.004,-0.004,0.06,0.04
2.0524e-06,0.004,0.004,0.06,0.04
2.0528e-06,0.004,-0.004,0.02,0.04
2.0532e-06,-0.004,-0.004,0.02,0.04
2.0536e-06,0.004,-0.004,0.06,0.08
2.0540e-06,0.004,-0.004,0.02,0.08
2.0544e-06,0.004,-0.004,0.02,0.04
2.0548e-06,-0.004,0.004,0.02,0.04
2.0552e-06,-0.012,0.004,0.02,0.08
2.0556e-06,-0.012,0.004,0.06,0.04
2.0560e-06,-0.004,-0.004,0.06,0.04
2.0564e-06,-0.004,-0.004,0.06,0.04
2.0568e-06,-0.004,-0.004,0.02,0.04
2.0572e-06,0.004,0.004,0.1,0.04
2.0576e-06,0.004,-0.004,0.06,0.08
2.0580e-06,0.004,0.012,0.06,0.04
2.0584e-06,0.004,0.004,0.1,0.08
2.0588e-06,0.004,0.004,0.02,0.04
2.0592e-06,0.004,0.004,0.02,0
2.0596e-06,0.004,0.004,0.06,0.04
2.0600e-06,0.004,0.004,0.02,0.04
2.0604e-06,0.004,-0.004,0.02,0.04
2.0608e-06,-0.004,-0.004,-0.02,0.04
2.0612e-06,-0.004,-0.012,0.06,0
2.0616e-06,0.004,0.004,0.02,0
2.0620e-06,-0.004,0.004,0.02,0
2.0624e-06,-0.004,-0.004,0.02,0.04
2.0628e-06,0.004,-0.004,0.02,0
2.0632e-06,0.004,-0.012,0.02,0.12
2.0636e-06,-0.004,-0.004,0.02,0.12
2.0640e-06,-0.004,0.004,0.06,0.04
2.0644e-06,0.004,0.004,0.06,0.04
2.0648e-06,-0.004,0.004,0.02,0.04
2.0652e-06,-0.004,0.004,0.02,0.04
2.0656e-06,-0.004,-0.004,0.02,0.08
2.0660e-06,0.012,-0.004,0.1,0.08
2.0664e-06,-0.004,-0.004,0.06,0.08
2.0668e-06,0.012,0.004,-0.02,0.08
2.0672e-06,0.004,-0.004,0.02,0.08
2.0676e-06,-0.004,0.004,0.02,0.08
2.0680e-06,-0.004,-0.004,0.02,0.04
2.0684e-06,-0.012,0.004,0.02,0.08
2.0688e-06,-0.004,0.004,0.02,0.04
2.0692e-06,0.004,0.004,0.02,0
2.0696e-06,-0.012,-0.004,0.06,0.08
2.0700e-06,0.004,0.012,0.06,0.12
2.0704e-06,-0.004,0.004,0.1,0.12
2.0708e-06,-0.004,-0.004,-0.02,0.08
2.0712e-06,0.004,-0.004,0.02,0.08
2.0716e-06,0.004,0.004,0.02,0.08
2.0720e-06,0.012,0.004,0.02,0.08
2.0724e-06,-0.004,-0.004,0.02,0.04
2.0728e-06,0.004,-0.004,0.06,0.08
2.0732e-06,0.004,-0.004,0.1,0.08
2.0736e-06,0.004,-0.004,0.06,0.04
2.0740e-06,0.004,-0.012,0.06,0.08
2.0744e-06,0.004,-0.004,0.02,0.08
2.0748e-06,0.004,0.004,0.02,0.04
2.0752e-06,0.004,0.004,0.02,0.04
2.0756e-06,0.004,-0.012,0.06,0.04
2.0760e-06,0.004,-0.004,0.06,0.04
2.0764e-06,-0.004,-0.004,0.02,0.08
2.0768e-06,-0.004,-0.004,0.06,0.08
2.0772e-06,-0.004,0.004,0.06,0.08
2.0776e-06,0.004,0.004,0.02,0.04
2.0780e-06,-0.004,-0.004,0.02,0.04
2.0784e-06,0.004,-0.004,0.06,0.04
2.0788e-06,0.004,-0.004,0.02,0.08
2.0792e-06,0.004,0.004,0.06,0.04
2.0796e-06,0.004,-0.004,0.1,0.08
2.0800e-06,-0.004,-0.004,0.06,0.08
2.0804e-06,-0.004,-0.004,0.06,0.04
2.0808e-06,-0.004,0.004,0.02,0.08
2.0812e-06,-0.004,-0.012,0.06,0.04
2.0816e-06,0.004,0.004,0.02,0.04
2.0820e-06,0.004,0.004,-0.02,0.04
2.0824e-06,0.004,0.004,0.02,0.04
2.0828e-06,0.004,0.004,0.02,0.04
2.0832e-06,0.004,-0.004,0.02,0.04
2.0836e-06,-0.004,-0.012,0.02,0.08
2.0840e-06,-0.004,0.004,0.02,0.08
2.0844e-06,-0.012,0.004,0.02,0.04
2.0848e-06,-0.004,0.004,-0.02,0.08
2.0852e-06,-0.004,0.004,0.02,0.04
2.0856e-06,0.004,0.004,-0.02,0.08
2.0860e-06,-0.004,0.004,0.02,0.08
2.0864e-06,-0.004,0.004,0.02,0.04
2.0868e-06,0.004,0.004,-0.02,0.04
2.0872e-06,-0.004,-0.012,0.02,0.04
2.0876e-06,0.004,0.004,-0.02,0.12
2.0880e-06,0.004,0.004,-0.02,0.08
2.0884e-06,0.004,-0.004,-0.02,0.08
2.0888e-06,-0.012,-0.004,0.06,0.08
2.0892e-06,-0.004,-0.004,0.02,0.08
2.0896e-06,-0.004,-0.004,0.02,0.04
2.0900e-06,-0.004,-0.004,0.02,0.04
2.0904e-06,-0.004,-0.004,0.02,0.04
2.0908e-06,-0.004,-0.004,0.02,0.08
2.0912e-06,-0.004,-0.004,0.06,0.08
2.0916e-06,0.004,-0.012,0.06,0
2.0920e-06,-0.012,0.004,0.02,0.08
2.0924e-06,-0.004,0.004,-0.02,0.08
2.0928e-06,-0.012,0.004,0.02,0.04
2.0932e-06,0.004,0.004,0.02,0.04
2.0936e-06,-0.004,0.004,0.02,0.08
2.0940e-06,0.004,0.004,0.06,0.04
2.0944e-06,0.004,0.004,-0.02,0.08
2.0948e-06,0.004,-0.004,0.02,0.04
2.0952e-06,0.004,0.004,0.1,0.08
2.0956e-06,-0.004,0.004,0.1,0.08
2.0960e-06,-0.004,-0.004,-0.02,0.04
2.0964e-06,-0.004,-0.004,0.02,0.04
2.0968e-06,-0.004,0.004,0.02,0.08
2.0972e-06,-0.012,0.004,0.02,0.04
2.0976e-06,-0.004,0.004,0.06,0.08
2.0980e-06,-0.012,0.004,0.06,0.08
2.0984e-06,-0.012,-0.012,0.1,0.08
2.0988e-06,-0.004,-0.004,0.06,0.08
2.0992e-06,-0.004,-0.004,0.02,0.08
2.0996e-06,-0.012,0.004,0.06,0.08
2.1000e-06,0.004,-0.004,0.02,0.04
2.1004e-06,-0.004,0.004,0.02,0.08
2.1008e-06,-0.004,0.004,0.02,0
2.1012e-06,-0.004,-0.004,0.06,0.08
2.1016e-06,-0.004,0.004,0.02,0.04
2.1020e-06,0.004,0.004,0.02,0.04
2.1024e-06,-0.004,0.004,0.02,0.04
2.1028e-06,-0.004,-0.004,0.02,0.04
2.1032e-06,0.004,-0.004,0.02,0.08
2.1036e-06,-0.012,0.004,-0.02,0.08
2.1040e-06,-0.004,-0.004,0.06,0.08
2.1044e-06,0.004,-0.004,0.1,0.08
2.1048e-06,0.004,0.004,0.02,0.08
2.1052e-06,-0.004,-0.004,0.02,0
2.1056e-06,0.004,-0.004,0.06,0.04
2.1060e-06,-0.004,-0.004,-0.02,0
2.1064e-06,-0.004,0.004,0.02,0.04
2.1068e-06,0.004,-0.004,0.02,0.04
2.1072e-06,0.004,-0.012,0.02,0
2.1076e-06,0.004,0.004,0.1,0.04
2.1080e-06,-0.012,0.004,0.1,0.04
2.1084e-06,-0.012,-0.004,0.06,0.04
2.1088e-06,-0.012,-0.004,0.06,0.04
2.1092e-06,0.004,0.004,0.1,0.04
2.1096e-06,-0.004,0.004,0.06,0.04
2.1100e-06,0.012,0.004,0.06,0.04
2.1104e-06,0.004,-0.004,0.06,0.04
2.1108e-06,0.004,0.004,0.02,0.04
2.1112e-06,-0.004,-0.004,0.02,0.08
2.1116e-06,-0.004,0.004,0.02,0
2.1120e-06,-0.012,-0.004,0.02,0.04
2.1124e-06,-0.012,-0.004,0.02,0.08
2.1128e-06,-0.012,0.004,0.1,0.08
2.1132e-06,0.004,0.004,-0.02,0.08
2.1136e-06,-0.012,-0.004,0.02,0.08
2.1140e-06,0.004,0.004,0.02,0.08
2.1144e-06,-0.004,-0.004,0.06,0.04
2.1148e-06,-0.004,0.004,0.02,0.08
2.1152e-06,-0.004,-0.004,0.02,0.04
2.1156e-06,-0.004,0.004,0.02,0.04
2.1160e-06,-0.004,0.004,0.06,0
2.1164e-06,0.012,-0.004,0.06,0.08
2.1168e-06,0.004,-0.004,0.06,0.08
2.1172e-06,0.004,0.004,0.06,0.08
2.1176e-06,0.004,-0.004,0.02,0.04
2.1180e-06,-0.004,0.004,0.06,0
2.1184e-06,-0.004,0.004,0.02,0
2.1188e-06,0.004,0.004,0.02,0
2.1192e-06,-0.004,0.004,0.06,0.04
2.1196e-06,0.004,0.004,0.02,0.08
2.1200e-06,0.012,-0.004,0.06,0.04
2.1204e-06,-0.004,0.004,0.06,0.04
2.1208e-06,0.004,-0.004,0.02,0.04
2.1212e-06,0.004,-0.004,0.06,0.04
2.1216e-06,-0.004,-0.004,-0.02,0
2.1220e-06,-0.004,0.004,0.02,0.04
2.1224e-06,0.004,-0.004,0.06,0
2.1228e-06,0.004,0.004,0.06,0
2.1232e-06,0.004,-0.004,0.02,0.04
2.1236e-06,-0.004,-0.012,0.06,0
2.1240e-06,0.004,-0.004,0.06,0.04
2.1244e-06,-0.004,-0.004,0.02,0.04
2.1248e-06,0.004,-0.004,0.06,0.04
2.1252e-06,0.004,-0.004,0.06,0
2.1256e-06,0.004,-0.004,0.06,0
2.1260e-06,0.004,0.004,0.02,0.04
2.1264e-06,-0.004,-0.004,0.06,0.04
2.1268e-06,-0.004,0.004,0.06,0.04
2.1272e-06,0.004,0.004,0.02,0.04
2.1276e-06,-0.004,0.004,0.06,0.04
2.1280e-06,-0.004,-0.004,0.02,0.04
2.1284e-06,-0.004,0.004,0.02,0.04
2.1288e-06,-0.012,-0.004,0.02,0.04
2.1292e-06,-0.004,-0.004,0.02,0.04
2.1296e-06,-0.004,-0.004,0.02,0.04
2.1300e-06,0.004,-0.004,0.06,0.04
2.1304e-06,-0.004,-0.004,0.06,0.04
2.1308e-06,-0.004,-0.004,0.06,0.04
2.1312e-06,-0.004,0.004,0.02,0.08
2.1316e-06,-0.004,-0.004,0.06,0.04
2.1320e-06,0.004,0.004,0.06,0.04
2.1324e-06,0.004,-0.004,0.06,0.04
2.1328e-06,-0.004,-0.004,0.06,0.04
2.1332e-06,-0.004,-0.004,0.06,0.04
2.1336e-06,-0.004,0.004,0.06,0.08
2.1340e-06,-0.004,0.004,0.02,0.04
2.1344e-06,-0.004,-0.004,0.02,0.04
2.1348e-06,0.004,0.004,0.02,0.04
2.1352e-06,0.004,0.004,-0.02,0.04
2.1356e-06,-0.004,-0.004,0.02,0.08
2.1360e-06,-0.004,-0.004,0.02,0
2.1364e-06,-0.004,-0.004,0.02,0.04
2.1368e-06,-0.004,-0.004,0.1,0.08
2.1372e-06,0.004,-0.004,0.06,0.04
2.1376e-06,0.012,-0.004,0.06,0.04
2.1380e-06,-0.004,0.004,0.02,0.04
2.1384e-06,-0.004,-0.004,0.02,0.04
2.1388e-06,-0.004,0.004,0.06,0.04
2.1392e-06,0.004,-0.004,0.06,0.04
2.1396e-06,0.004,-0.012,0.06,0.04
2.1400e-06,-0.004,-0.004,0.1,0
2.1404e-06,-0.012,0.004,0.02,0
2.1408e-06,-0.004,-0.004,0.06,0.08
2.1412e-06,-0.012,-0.012,0.06,0.04
2.1416e-06,-0.004,-0.004,0.02,0.08
2.1420e-06,-0.004,0.004,0.06,0.08
2.1424e-06,0.004,0.004,-0.02,0.04
2.1428e-06,0.004,-0.004,0.02,0.04
2.1432e-06,0.004,-0.004,0.02,0.08
2.1436e-06,0.004,-0.004,0.02,0.04
2.1440e-06,0.004,-0.004,0.06,0.04
2.1444e-06,-0.012,0.004,0.06,0.04
2.1448e-06,0.004,-0.004,0.06,0.04
2.1452e-06,-0.004,0.004,0.06,0.08
2.1456e-06,0.004,0.004,0.1,0.04
2.1460e-06,-0.004,0.004,0.1,0.04
2.1464e-06,-0.004,0.004,0.02,0.04
2.1468e-06,0.004,-0.004,-0.02,0.08
2.1472e-06,-0.004,0.004,0.06,0.04
2.1476e-06,0.004,-0.004,0.1,0.08
2.1480e-06,-0.004,-0.004,0.06,0.04
2.1484e-06,0.004,-0.004,-0.02,0
2.1488e-06,0.004,0.004,0.02,0.04
2.1492e-06,0.004,0.004,0.02,0.04
2.1496e-06,0.004,0.004,0.06,0
2.1500e-06,0.004,-0.004,0.02,0.04
2.1504e-06,0.004,0.004,0.06,0.04
2.1508e-06,0.004,-0.004,0.02,0.08
2.1512e-06,-0.004,-0.004,-0.02,0
2.1516e-06,0.004,-0.004,0.02,0.04
2.1520e-06,0.004,-0.004,0.02,0.04
2.1524e-06,0.004,-0.004,0.02,0.04
2.1528e-06,0.004,0.004,0.06,0.04
2.1532e-06,0.004,0.004,0.06,0.08
2.1536e-06,-0.004,0.004,0.02,0.08
2.1540e-06,0.004,-0.004,0.06,0.08
2.1544e-06,-0.004,0.004,0.02,0.04
2.1548e-06,0.004,0.004,0.02,0.08
2.1552e-06,0.004,-0.004,0.1,0.08
2.1556e-06,-0.004,-0.004,0.06,0.08
2.1560e-06,-0.004,-0.004,0.06,0.08
2.1564e-06,-0.004,-0.004,0.02,0.08
2.1568e-06,-0.004,0.004,-0.02,0.08
2.1572e-06,0.004,-0.004,0.02,0.08
2.1576e-06,-0.004,-0.004,0.06,0.04
2.1580e-06,0.004,-0.004,0.1,0.04
2.1584e-06,-0.004,0.004,0.02,0.08
2.1588e-06,-0.004,0.004,0.02,0.08
2.1592e-06,-0.004,-0.004,0.02,0.08
2.1596e-06,-0.004,0.004,0.1,0.08
2.1600e-06,0.004,0.004,-0.02,0.08
2.1604e-06,-0.004,-0.004,0.02,0.08
2.1608e-06,-0.004,0.004,0.02,0.08
2.1612e-06,-0.004,-0.004,0.06,0.04
2.1616e-06,0.004,-0.004,-0.02,0.08
2.1620e-06,-0.004,0.004,0.02,0
2.1624e-06,0.004,-0.004,0.06,0.04
2.1628e-06,0.004,0.004,0.02,0
2.1632e-06,0.004,0.004,0.06,0.04
2.1636e-06,0.004,0.004,0.02,0
2.1640e-06,-0.004,0.004,0.02,0.08
2.1644e-06,-0.004,-0.004,0.06,0.04
2.1648e-06,-0.004,-0.004,-0.02,0.08
2.1652e-06,-0.004,0.004,0.06,0
2.1656e-06,-0.004,-0.004,0.06,0.04
2.1660e-06,-0.004,-0.004,0.06,0.04
2.1664e-06,0.004,0.004,0.06,0.08
2.1668e-06,-0.004,0.004,0.02,0.12
2.1672e-06,0.004,-0.004,0.1,0.08
2.1676e-06,0.004,-0.012,0.02,0.08
2.1680e-06,0.004,0.004,0.06,0.04
2.1684e-06,-0.004,-0.004,0.06,0.04
2.1688e-06,-0.012,-0.004,0.06,0.04
2.1692e-06,0.004,0.004,0.02,0.08
2.1696e-06,0.004,0.004,0.06,0.08
2.1700e-06,0.004,-0.004,0.06,0.08
2.1704e-06,0.004,0.004,0.02,0.04
2.1708e-06,-0.004,0.004,0.02,0.04
2.1712e-06,-0.004,0.004,0.02,0.08
2.1716e-06,0.004,0.004,0.02,0.12
2.1720e-06,-0.004,0.004,0.02,0.04
2.1724e-06,0.004,0.004,0.02,0.04
2.1728e-06,0.004,-0.004,0.02,0.08
2.1732e-06,0.004,0.004,0.02,0.04
2.1736e-06,0.004,-0.004,0.06,0.12
2.1740e-06,0.004,0.004,0.06,0.04
2.1744e-06,0.004,0.004,0.06,0.04
2.1748e-06,0.004,-0.004,0.06,0.04
2.1752e-06,-0.004,-0.012,0.06,0.04
2.1756e-06,-0.004,-0.004,0.06,0.08
2.1760e-06,-0.012,-0.004,0.1,0.08
2.1764e-06,-0.004,0.004,0.02,0.08
2.1768e-06,-0.004,-0.004,0.06,0
2.1772e-06,-0.004,-0.004,0.1,0.04
2.1776e-06,0.004,0.004,0.02,0.08
2.1780e-06,0.004,-0.004,0.02,0.12
2.1784e-06,-0.004,-0.004,0.06,0.08
2.1788e-06,-0.004,-0.004,0.1,0.04
2.1792e-06,-0.004,-0.004,0.06,0.08
2.1796e-06,-0.004,-0.012,0.02,0.08
2.1800e-06,-0.004,-0.004,0.06,0.08
2.1804e-06,-0.004,-0.004,0.06,0.08
2.1808e-06,-0.004,-0.012,0.06,0.04
2.1812e-06,0.004,-0.012,0.1,0
2.1816e-06,-0.004,-0.012,0.1,0
2.1820e-06,-0.004,-0.012,0.02,0.08
2.1824e-06,-0.012,-0.012,0.02,0.04
2.1828e-06,-0.02,-0.004,0.02,0.08
2.1832e-06,-0.02,0.004,0.02,0.08
2.1836e-06,-0.012,-0.012,0.06,0.04
2.1840e-06,-0.012,-0.012,0.06,0.08
2.1844e-06,-0.012,-0.004,0.06,0.08
2.1848e-06,-0.004,-0.012,0.06,0.08
2.1852e-06,-0.004,0.004,0.02,0.04
2.1856e-06,-0.012,0.004,0.02,0.04
2.1860e-06,-0.004,0.004,0.1,0.04
2.1864e-06,0.004,-0.004,0.02,0.08
2.1868e-06,-0.004,-0.004,0.02,0.04
2.1872e-06,-0.004,-0.004,0.02,0.08
2.1876e-06,0.004,-0.004,0.06,0.08
2.1880e-06,0.004,0.004,0.06,0.08
2.1884e-06,-0.004,0.004,0.06,0.08
2.1888e-06,0.004,0.004,0.06,0.08
2.1892e-06,-0.004,-0.004,0.06,0.04
2.1896e-06,0.004,0.004,0.06,0.08
2.1900e-06,0.004,-0.004,0.02,0.04
2.1904e-06,-0.004,-0.004,0.02,0.04
2.1908e-06,-0.004,-0.004,0.02,0.04
2.1912e-06,-0.004,0.004,0.06,0.04
2.1916e-06,-0.004,0.004,0.02,0.04
2.1920e-06,0.004,-0.004,0.02,0.04
2.1924e-06,0.004,-0.004,0.06,0.04
2.1928e-06,0.004,-0.004,0.02,0.08
2.1932e-06,0.004,-0.004,0.02,0.08
2.1936e-06,-0.004,-0.004,0.02,0.08
2.1940e-06,0.004,0.004,0.02,0.04
2.1944e-06,-0.004,-0.004,0.06,0.08
2.1948e-06,0.004,0.004,0.02,0.04
2.1952e-06,-0.004,-0.004,0.02,0.04
2.1956e-06,-0.004,-0.004,0.02,0.04
2.1960e-06,-0.004,-0.004,-0.02,0
2.1964e-06,0.004,-0.004,0.06,0.08
2.1968e-06,-0.004,-0.004,0.06,0.08
2.1972e-06,0.004,0.004,0.06,0.08
2.1976e-06,0.004,-0.004,0.06,0.04
2.1980e-06,-0.004,0.004,0.06,0.08
2.1984e-06,-0.004,0.004,0.02,0.04
2.1988e-06,-0.012,0.004,0.02,0.08
2.1992e-06,-0.004,-0.004,-0.02,0.08
2.1996e-06,-0.004,0.004,0.02,0.08
2.2000e-06,-0.004,0.004,0.02,0.08
2.2004e-06,0.004,0.004,0.1,0.08
2.2008e-06,-0.004,-0.004,0.02,0.08
2.2012e-06,-0.004,-0.004,0.02,0.04
2.2016e-06,-0.004,0.004,0.02,0.08
2.2020e-06,0.004,-0.004,0.02,0.08
2.2024e-06,-0.004,0.004,0.02,0.08
2.2028e-06,0.004,-0.004,0.02,0.04
2.2032e-06,0.004,-0.012,0.02,0.08
2.2036e-06,-0.004,-0.004,0.02,0.04
2.2040e-06,0.004,-0.004,0.02,0.08
2.2044e-06,-0.004,-0.004,0.06,0.08
2.2048e-06,0.004,-0.004,0.1,0.08
2.2052e-06,0.004,-0.004,0.02,0.08
2.2056e-06,-0.004,0.004,0.02,0.08
2.2060e-06,-0.004,-0.004,0.06,0.08
2.2064e-06,0.004,0.004,0.06,0.08
2.2068e-06,-0.004,0.004,0.02,0.08
2.2072e-06,0.004,0.012,0.06,0.04
2.2076e-06,0.004,0.004,0.02,0
2.2080e-06,-0.012,-0.004,0.1,0.08
2.2084e-06,-0.012,0.004,0.06,0.08
2.2088e-06,-0.004,0.004,0.02,0.08
2.2092e-06,-0.004,-0.004,0.02,0.04
2.2096e-06,-0.004,0.004,0.06,0
2.2100e-06,-0.012,-0.004,0.02,0.04
2.2104e-06,-0.012,0.004,0.02,0.04
2.2108e-06,-0.004,0.004,0.02,0.08
2.2112e-06,-0.004,-0.004,0.02,0.04
2.2116e-06,-0.004,0.004,0.02,0.04
2.2120e-06,0.004,0.004,0.02,0
2.2124e-06,-0.004,0.004,0.06,0.12
2.2128e-06,-0.004,-0.012,0.06,0.12
2.2132e-06,-0.004,0.004,0.06,0.08
2.2136e-06,-0.004,-0.004,0.02,0.08
2.2140e-06,0.004,-0.004,0.06,0.08
2.2144e-06,-0.012,-0.004,0.06,0.04
2.2148e-06,-0.004,-0.004,0.02,0.04
2.2152e-06,-0.004,-0.004,-0.02,0.04
2.2156e-06,-0.004,-0.004,0.06,0.04
2.2160e-06,0.004,-0.004,0.06,0.08
2.2164e-06,-0.004,-0.004,0.02,0.04
2.2168e-06,-0.004,-0.004,0.06,0.04
2.2172e-06,-0.004,-0.004,0.06,0.04
2.2176e-06,0.004,-0.004,0.06,0.08
2.2180e-06,-0.004,-0.004,0.02,0.04
2.2184e-06,-0.004,0.004,0.06,0
2.2188e-06,0.004,0.004,0.02,0.04
2.2192e-06,-0.004,0.004,0.02,0.08
2.2196e-06,0.004,0.004,0.02,0.08
2.2200e-06,0.004,-0.004,-0.02,0.04
2.2204e-06,-0.004,-0.004,0.06,0.04
2.2208e-06,0.004,-0.004,0.02,0.08
2.2212e-06,0.012,-0.004,-0.02,0.04
2.2216e-06,-0.012,-0.004,0.02,0.08
2.2220e-06,-0.004,0.004,0.02,0.12
2.2224e-06,-0.004,-0.004,0.02,0.08
2.2228e-06,0.004,0.004,0.02,0.04
2.2232e-06,-0.004,0.004,0.06,0.08
2.2236e-06,0.004,-0.004,0.02,0.08
2.2240e-06,0.004,-0.004,0.02,0.08
2.2244e-06,-0.004,-0.004,0.02,0.04
2.2248e-06,-0.004,0.004,0.02,0.04
2.2252e-06,0.004,-0.004,0.02,0.04
2.2256e-06,0.004,0.004,0.06,0.04
2.2260e-06,0.004,-0.004,-0.02,0.08
2.2264e-06,-0.004,-0.004,0.02,0.04
2.2268e-06,-0.004,-0.004,0.06,0.04
2.2272e-06,-0.004,0.004,-0.02,0.08
2.2276e-06,-0.004,-0.004,0.06,0.08
2.2280e-06,-0.012,-0.004,0.06,0.08
2.2284e-06,0.004,-0.004,0.02,0.08
2.2288e-06,-0.012,0.004,-0.02,0.08
2.2292e-06,-0.012,0.004,0.06,0.04
2.2296e-06,-0.02,-0.004,0.02,0.08
2.2300e-06,-0.012,-0.012,0.02,0.08
2.2304e-06,-0.02,0.004,-0.02,0.08
2.2308e-06,-0.02,0.004,0.02,0.12
2.2312e-06,-0.028,-0.004,0.02,0.08
2.2316e-06,-0.02,-0.004,0.02,0.08
2.2320e-06,-0.02,0.004,0.06,0.08
2.2324e-06,-0.012,-0.004,0.02,0.12
2.2328e-06,-0.004,-0.004,0.02,0.12
2.2332e-06,-0.004,-0.004,0.02,0.08
2.2336e-06,-0.012,-0.004,0.02,0.08
2.2340e-06,-0.012,-0.004,0.02,0.08
2.2344e-06,-0.012,0.004,0.02,0.04
2.2348e-06,-0.012,-0.004,0.02,0.08
2.2352e-06,-0.004,-0.004,0.1,0.08
2.2356e-06,-0.004,0.004,0.02,0.08
2.2360e-06,0.004,-0.004,0.02,0.08
2.2364e-06,0.004,-0.004,0.02,0.08
2.2368e-06,0.004,-0.004,0.02,0.08
2.2372e-06,0.004,-0.004,0.06,0.08
2.2376e-06,-0.004,-0.012,0.06,0.08
2.2380e-06,-0.004,0.004,0.06,0.08
2.2384e-06,0.004,-0.012,0.06,0.08
2.2388e-06,-0.004,0.004,0.02,0.08
2.2392e-06,0.012,0.004,0.06,0.08
2.2396e-06,0.004,-0.004,0.02,0.04
2.2400e-06,0.004,0.004,0.1,0.08
2.2404e-06,0.004,0.004,0.02,0.04
2.2408e-06,-0.012,-0.012,0.06,0.08
2.2412e-06,0.004,-0.004,0.02,0.04
2.2416e-06,-0.012,0.004,0.06,0.04
2.2420e-06,-0.004,0.004,0.06,0.04
2.2424e-06,-0.004,0.004,0.06,0.04
2.2428e-06,-0.004,0.004,0.02,0.04
2.2432e-06,-0.004,-0.012,0.02,0.08
2.2436e-06,-0.004,0.004,0.06,0.08
2.2440e-06,0.012,-0.004,0.06,0.04
2.2444e-06,-0.004,-0.004,0.02,0.04
2.2448e-06,-0.004,-0.004,0.02,0.12
2.2452e-06,-0.004,-0.004,0.06,0.08
2.2456e-06,0.012,0.004,0.06,0.04
2.2460e-06,-0.004,0.004,0.06,0.04
2.2464e-06,0.004,-0.004,0.02,0.04
2.2468e-06,0.004,-0.004,0.06,0.04
2.2472e-06,-0.004,-0.004,0.06,0.04
2.2476e-06,0.004,-0.012,0.02,0.04
2.2480e-06,0.004,-0.02,0.06,0.08
2.2484e-06,-0.012,-0.012,0.06,0.08
2.2488e-06,-0.004,-0.012,0.1,0.04
2.2492e-06,0.004,-0.012,0.06,0.04
2.2496e-06,0.004,-0.012,0.1,0.04
2.2500e-06,-0.004,-0.012,0.06,0.04
2.2504e-06,-0.004,0.004,0.1,0.08
2.2508e-06,-0.004,-0.004,0.02,0.08
2.2512e-06,-0.004,-0.004,0.02,0
2.2516e-06,-0.004,-0.004,0.06,0.08
2.2520e-06,-0.004,-0.004,0.1,0.04
2.2524e-06,0.004,0.004,0.06,0.04
2.2528e-06,0.004,-0.004,0.1,0.08
2.2532e-06,-0.004,-0.004,0.06,0
2.2536e-06,-0.004,-0.012,0.02,0.04
2.2540e-06,-0.004,-0.012,0.06,0.04
2.2544e-06,-0.012,-0.004,0.06,0.04
2.2548e-06,0.004,-0.004,0.1,0.04
2.2552e-06,0.012,-0.012,0.06,0.04
2.2556e-06,0.004,0.004,0.06,0.08
2.2560e-06,0.004,-0.004,0.02,0.04
2.2564e-06,0.004,-0.004,0.1,0.08
2.2568e-06,0.004,-0.012,0.06,0.08
2.2572e-06,-0.004,0.004,0.02,0.08
2.2576e-06,-0.012,0.004,0.06,0.08
2.2580e-06,-0.004,-0.004,0.1,0.08
2.2584e-06,0.004,0.004,0.02,0.04
2.2588e-06,0.004,-0.004,0.1,0.04
2.2592e-06,0.004,0.004,0.1,0.08
2.2596e-06,-0.004,0.004,0.02,0.08
2.2600e-06,0.004,-0.004,0.02,0.08
2.2604e-06,0.004,-0.004,0.06,0.08
2.2608e-06,-0.004,0.004,0.1,0.04
2.2612e-06,0.004,0.004,0.06,0.04
2.2616e-06,-0.004,-0.004,0.02,0.04
2.2620e-06,0.004,-0.004,0.02,0.04
2.2624e-06,0.004,0.004,0.06,0.08
2.2628e-06,0.004,-0.004,0.02,0.04
2.2632e-06,-0.004,0.004,-0.02,0.04
2.2636e-06,0.004,-0.004,-0.02,0.04
2.2640e-06,-0.004,-0.004,0.02,0.04
2.2644e-06,0.004,0.004,-0.02,0.08
2.2648e-06,-0.004,-0.004,0.02,0.08
2.2652e-06,0.004,-0.004,0.02,0.08
2.2656e-06,-0.004,0.004,0.02,0
2.2660e-06,-0.004,0.004,0.02,0.04
2.2664e-06,-0.004,0.004,0.02,0.08
2.2668e-06,0.004,0.012,0.02,0.08
2.2672e-06,0.012,-0.004,0.02,0.08
2.2676e-06,0.004,-0.004,0.02,0.08
2.2680e-06,-0.004,0.004,0.06,0.04
2.2684e-06,0.004,0.004,0.02,0.12
2.2688e-06,-0.004,-0.004,0.02,0.08
2.2692e-06,-0.004,-0.004,0.02,0.08
2.2696e-06,0.004,-0.012,0.02,0.08
2.2700e-06,0.004,0.004,0.02,0.12
2.2704e-06,-0.004,-0.02,0.02,0.08
2.2708e-06,-0.004,-0.012,0.02,0.08
2.2712e-06,0.004,-0.012,0.02,0.04
2.2716e-06,0.004,-0.02,0.02,0.12
2.2720e-06,0.004,-0.012,0.06,0.04
2.2724e-06,0.004,-0.012,0.02,0.08
2.2728e-06,0.004,-0.012,0.06,0.08
2.2732e-06,-0.012,-0.004,0.06,0.12
2.2736e-06,0.004,-0.012,0.06,0.04
2.2740e-06,0.004,-0.004,0.06,0.04
2.2744e-06,0.012,0.004,0.06,0.04
2.2748e-06,-0.004,-0.004,0.02,0.08
2.2752e-06,-0.004,-0.004,0.02,0.08
2.2756e-06,-0.004,-0.004,0.06,0.08
2.2760e-06,0.004,-0.004,0.02,0.04
2.2764e-06,0.004,-0.004,0.06,0.04
2.2768e-06,0.004,0.004,0.02,0.04
2.2772e-06,-0.004,-0.004,0.06,0.08
2.2776e-06,0.004,0.012,0.02,0.08
2.2780e-06,0.004,0.004,0.02,0.08
2.2784e-06,0.004,0.004,0.06,0.04
2.2788e-06,-0.004,0.004,0.02,0.04
2.2792e-06,0.004,-0.004,0.02,0.04
2.2796e-06,0.012,-0.004,0.06,0.04
2.2800e-06,0.004,-0.004,0.06,0.08
2.2804e-06,0.004,-0.004,0.02,0.08
2.2808e-06,0.004,-0.004,0.1,0.08
2.2812e-06,0.012,0.012,0.02,0.04
2.2816e-06,0.004,-0.004,0.02,0.08
2.2820e-06,-0.004,-0.004,0.06,0.08
2.2824e-06,0.004,-0.004,0.06,0.08
2.2828e-06,-0.004,0.004,0.06,0.04
2.2832e-06,0.004,-0.004,0.02,0.04
2.2836e-06,0.004,-0.004,0.06,0.08
2.2840e-06,-0.004,0.004,0.06,0.08
2.2844e-06,-0.004,-0.004,0.1,0.08
2.2848e-06,0.004,-0.012,0.06,0.04
2.2852e-06,-0.004,-0.012,0.06,0.08
2.2856e-06,0.012,-0.012,0.02,0.04
2.2860e-06,0.012,-0.012,0.06,0.08
2.2864e-06,-0.004,-0.004,0.06,0.08
2.2868e-06,0.004,-0.012,0.02,0.08
2.2872e-06,-0.004,0.004,0.02,0.08
2.2876e-06,-0.004,-0.012,0.02,0.04
2.2880e-06,0.004,-0.004,0.06,0.04
2.2884e-06,-0.004,-0.004,0.1,0.08
2.2888e-06,0.004,-0.004,0.02,0.08
2.2892e-06,0.004,-0.004,0.02,0.08
2.2896e-06,-0.004,-0.004,0.02,0.04
2.2900e-06,0.004,-0.004,0.02,0.08
2.2904e-06,0.004,-0.012,0.02,0.04
2.2908e-06,-0.004,-0.004,0.06,0.04
2.2912e-06,-0.004,-0.004,0.06,0.04
2.2916e-06,0.004,0.004,0.06,0.04
2.2920e-06,0.004,-0.012,0.06,0.04
2.2924e-06,0.004,-0.004,0.02,0.08
2.2928e-06,-0.012,-0.004,0.06,0.08
2.2932e-06,0.004,-0.004,0.06,0.04
2.2936e-06,-0.004,-0.004,0.06,0.04
2.2940e-06,-0.004,-0.004,0.02,0.04
2.2944e-06,0.004,-0.012,0.02,0.04
2.2948e-06,0.004,0.004,0.06,0.08
2.2952e-06,0.004,-0.004,0.02,0
2.2956e-06,-0.004,0.004,0.06,0.08
2.2960e-06,-0.004,-0.012,0.02,0.08
2.2964e-06,-0.004,-0.004,0.02,0.04
2.2968e-06,-0.004,0.004,0.02,0.04
2.2972e-06,0.004,0.004,0.02,0.08
2.2976e-06,0.004,-0.004,0.02,0.08
2.2980e-06,-0.012,0.004,0.02,0.08
2.2984e-06,0.004,0.004,0.02,0.04
2.2988e-06,0.004,-0.012,0.1,0.04
2.2992e-06,-0.004,0.004,0.02,0.04
2.2996e-06,0.004,-0.004,0.02,0.04
2.3000e-06,-0.004,0.004,0.1,0.08
2.3004e-06,-0.004,-0.004,0.02,0.04
2.3008e-06,-0.004,-0.004,0.06,0.04
2.3012e-06,0.004,-0.004,0.02,0.04
2.3016e-06,-0.004,-0.004,0.1,0.08
2.3020e-06,-0.004,-0.004,0.06,0.08
2.3024e-06,0.004,0.004,0.06,0.08
2.3028e-06,0.004,0.004,0.02,0.04
2.3032e-06,0.004,0.004,0.06,0.08
2.3036e-06,0.004,0.004,0.02,0.08
2.3040e-06,0.004,0.004,0.06,0.08
2.3044e-06,0.004,-0.004,0.06,0.04
2.3048e-06,0.004,-0.004,0.1,0
2.3052e-06,0.004,-0.004,0.02,0.08
2.3056e-06,0.004,0.004,0.02,0.04
2.3060e-06,-0.004,0.004,0.06,0.08
2.3064e-06,-0.012,0.004,0.06,0.08
2.3068e-06,0.004,-0.004,0.06,0.08
2.3072e-06,0.004,-0.004,0.02,0.08
2.3076e-06,-0.012,-0.004,0.02,0.12
2.3080e-06,0.004,-0.004,0.02,0.04
2.3084e-06,-0.004,0.004,0.02,0.08
2.3088e-06,-0.004,0.004,0.1,0.08
2.3092e-06,-0.004,0.004,0.06,0.08
2.3096e-06,-0.004,-0.012,0.02,0.08
2.3100e-06,0.004,0.004,0.02,0.08
2.3104e-06,-0.004,0.004,0.06,0.08
2.3108e-06,0.004,0.004,-0.02,0.08
2.3112e-06,0.004,-0.004,0.06,0.04
2.3116e-06,0.004,-0.004,0.06,0.08
2.3120e-06,-0.004,0.004,0.06,0.08
2.3124e-06,-0.004,0.004,0.06,0.08
2.3128e-06,0.004,0.004,0.02,0.08
2.3132e-06,0.012,-0.004,0.1,0.08
2.3136e-06,0.004,0.004,0.06,0.04
2.3140e-06,0.004,-0.004,0.06,0.04
2.3144e-06,0.004,0.004,0.06,0.04
2.3148e-06,-0.004,-0.004,0.02,0.04
2.3152e-06,-0.004,-0.004,0.02,0.04
2.3156e-06,0.004,-0.004,0.02,0.12
2.3160e-06,0.004,0.004,0.1,0.08
2.3164e-06,0.004,0.004,0.06,0.08
2.3168e-06,-0.004,0.004,0.02,0.04
2.3172e-06,-0.004,0.004,0.06,0.08
2.3176e-06,-0.004,0.004,0.06,0.08
2.3180e-06,0.004,0.004,0.1,0.04
2.3184e-06,0.004,-0.004,0.02,0.08
2.3188e-06,-0.004,0.004,0.02,0
2.3192e-06,-0.004,-0.004,0.02,0.08
2.3196e-06,0.004,-0.004,0.06,0.08
2.3200e-06,0.004,0.004,0.02,0.04
2.3204e-06,-0.004,0.004,0.02,0.08
2.3208e-06,0.004,0.004,0.02,0.08
2.3212e-06,0.004,-0.004,0.02,0.08
2.3216e-06,0.004,0.004,0.06,0.08
2.3220e-06,-0.004,0.004,0.06,0.04
2.3224e-06,0.004,0.004,0.06,0.04
2.3228e-06,0.004,-0.004,0.02,0.08
2.3232e-06,-0.012,0.004,0.02,0.08
2.3236e-06,-0.004,0.004,0.02,0.08
2.3240e-06,-0.004,0.004,0.02,0.08
2.3244e-06,0.004,-0.004,-0.02,0.08
2.3248e-06,-0.004,-0.012,0.02,0.08
2.3252e-06,-0.004,-0.004,0.02,0.08
2.3256e-06,0.012,-0.004,0.02,0.08
2.3260e-06,0.004,-0.004,0.1,0.08
2.3264e-06,0.004,0.004,0.02,0.08
2.3268e-06,-0.004,-0.004,0.1,0.04
2.3272e-06,-0.004,-0.004,0.1,0.08
2.3276e-06,-0.004,-0.004,0.02,0.04
2.3280e-06,-0.004,0.004,0.02,0
2.3284e-06,0.012,-0.012,0.1,0.04
2.3288e-06,0.012,-0.012,0.02,0.04
2.3292e-06,-0.004,0.004,0.02,0.08
2.3296e-06,-0.004,0.004,-0.02,0.04
2.3300e-06,0.004,-0.004,0.02,0.08
2.3304e-06,0.004,0.004,0.02,0.04
2.3308e-06,0.012,-0.004,0.02,0.08
2.3312e-06,0.004,-0.004,0.06,0.08
2.3316e-06,-0.012,-0.004,-0.02,0.08
2.3320e-06,-0.004,-0.004,0.02,0.08
2.3324e-06,0.004,-0.004,0.02,0.08
2.3328e-06,0.004,0.004,0.02,0.04
2.3332e-06,0.004,0.012,0.02,0.08
2.3336e-06,-0.004,-0.004,0.02,0.08
2.3340e-06,-0.004,-0.004,0.06,0.04
2.3344e-06,-0.004,-0.004,0.02,0.08
2.3348e-06,0.004,-0.004,0.06,0.08
2.3352e-06,-0.004,-0.004,0.02,0.08
2.3356e-06,-0.004,-0.004,0.02,0.08
2.3360e-06,-0.004,0.004,-0.02,0.08
2.3364e-06,-0.004,0.004,0.02,0.08
2.3368e-06,-0.004,0.004,0.02,0.08
2.3372e-06,0.012,0.004,-0.02,0.04
2.3376e-06,0.004,-0.004,0.06,0.08
2.3380e-06,-0.004,0.004,0.06,0.04
2.3384e-06,-0.004,-0.02,0.02,0.08
2.3388e-06,-0.004,0.004,0.02,0.12
2.3392e-06,0.004,0.004,0.06,0.08
2.3396e-06,0.004,0.004,0.06,0.08
2.3400e-06,-0.004,0.004,0.02,0.08
2.3404e-06,0.004,-0.004,0.06,0.08
2.3408e-06,0.004,-0.004,0.02,0.08
2.3412e-06,-0.012,-0.004,0.02,0.08
2.3416e-06,-0.004,-0.004,0.02,0
2.3420e-06,-0.004,0.012,-0.02,0.04
2.3424e-06,0.004,-0.004,0.06,0.08
2.3428e-06,-0.004,-0.004,0.02,0.12
2.3432e-06,-0.004,-0.004,0.06,0.08
2.3436e-06,0.004,0.004,0.1,0.08
2.3440e-06,0.004,-0.004,0.06,0.08
2.3444e-06,-0.004,-0.012,0.1,0.08
2.3448e-06,0.004,-0.004,0.02,0.08
2.3452e-06,0.004,-0.004,0.06,0.12
2.3456e-06,0.004,-0.004,0.02,0.08
2.3460e-06,0.004,0.004,0.02,0.08
2.3464e-06,0.004,0.004,0.02,0.08
2.3468e-06,0.004,0.004,0.1,0.08
2.3472e-06,0.004,0.004,0.02,0.08
2.3476e-06,-0.004,0.004,0.06,0.08
2.3480e-06,-0.004,0.004,0.06,0.08
2.3484e-06,-0.012,0.004,0.06,0.08
2.3488e-06,0.012,0.004,0.02,0.08
2.3492e-06,-0.004,0.004,0.02,0.08
2.3496e-06,0.004,-0.004,0.02,0.04
2.3500e-06,0.004,0.004,0.02,0.04
2.3504e-06,-0.004,0.004,-0.02,0.08
2.3508e-06,-0.004,-0.004,0.02,0.08
2.3512e-06,-0.004,0.004,0.02,0.08
2.3516e-06,-0.004,-0.004,0.02,0.08
2.3520e-06,-0.012,0.004,0.02,0.08
2.3524e-06,-0.004,0.004,0.02,0.04
2.3528e-06,0.004,0.004,0.02,0.08
2.3532e-06,-0.02,-0.004,0.02,0.04
2.3536e-06,-0.02,-0.004,0.02,0.04
2.3540e-06,-0.02,-0.004,0.02,0.04
2.3544e-06,-0.004,0.004,-0.02,0.12
2.3548e-06,-0.004,-0.004,0.06,0.04
2.3552e-06,-0.004,-0.004,0.02,0.08
2.3556e-06,-0.012,-0.004,0.02,0.04
2.3560e-06,-0.012,-0.004,0.02,0.08
2.3564e-06,-0.004,-0.012,0.06,0.12
2.3568e-06,-0.004,0.004,0.02,0.08
2.3572e-06,-0.004,-0.004,0.02,0.08
2.3576e-06,-0.004,-0.004,-0.02,0.08
2.3580e-06,-0.004,0.004,-0.02,0.04
2.3584e-06,-0.004,0.004,0.02,0.08
2.3588e-06,0.004,-0.004,0.02,0.08
2.3592e-06,-0.012,-0.004,0.02,0.08
2.3596e-06,-0.004,-0.004,0.02,0.08
2.3600e-06,0.004,0.004,-0.02,0.08
2.3604e-06,0.004,0.004,0.02,0.08
2.3608e-06,-0.004,-0.004,0.02,0.08
2.3612e-06,-0.004,-0.004,0.02,0.04
2.3616e-06,-0.004,-0.004,0.02,0.04
2.3620e-06,0.004,0.004,0.06,0.04
2.3624e-06,-0.004,-0.004,0.02,0.04
2.3628e-06,-0.004,-0.004,0.06,0.08
2.3632e-06,-0.012,0.004,0.1,0.12
2.3636e-06,-0.004,-0.004,0.02,0.08
2.3640e-06,-0.004,-0.004,0.06,0.08
2.3644e-06,0.004,0.004,0.02,0.08
2.3648e-06,-0.012,0.004,0.06,0.08
2.3652e-06,-0.004,-0.004,-0.02,0.08
2.3656e-06,-0.012,-0.004,0.02,0.04
2.3660e-06,-0.012,-0.004,0.06,0.08
2.3664e-06,-0.004,0.004,0.06,0.08
2.3668e-06,-0.004,0.004,0.02,0.08
2.3672e-06,-0.02,-0.004,0.06,0.04
2.3676e-06,-0.02,0.004,0.06,0.08
2.3680e-06,-0.02,-0.004,0.02,0.08
2.3684e-06,-0.012,0.004,-0.02,0.08
2.3688e-06,-0.012,0.004,0.02,0.08
2.3692e-06,-0.012,0.004,0.1,0.08
2.3696e-06,-0.004,0.004,0.1,0.04
2.3700e-06,0.004,-0.012,0.06,0.08
2.3704e-06,-0.004,0.004,0.02,0.08
2.3708e-06,0.004,0.004,0.06,0.08
2.3712e-06,-0.004,-0.004,0.02,0.08
2.3716e-06,0.004,0.004,0.06,0.04
2.3720e-06,-0.004,-0.004,0.02,0.04
2.3724e-06,0.004,-0.004,0.02,0.08
2.3728e-06,-0.004,-0.004,0.06,0.04
2.3732e-06,-0.004,-0.004,0.06,0.04
2.3736e-06,-0.004,-0.012,0.06,0.04
2.3740e-06,-0.004,-0.004,0.06,0.08
2.3744e-06,0.004,-0.004,0.02,0.08
2.3748e-06,0.004,-0.004,0.06,0.08
2.3752e-06,0.004,0.004,0.06,0.08
2.3756e-06,0.004,-0.004,-0.02,0.08
2.3760e-06,-0.004,-0.004,0.06,0.08
2.3764e-06,0.004,-0.004,0.06,0.04
2.3768e-06,0.004,-0.004,0.06,0.08
2.3772e-06,0.004,-0.004,0.02,0.08
2.3776e-06,-0.004,-0.004,0.06,0.08
2.3780e-06,0.012,0.004,0.02,0.04
2.3784e-06,-0.004,0.004,0.02,0.08
2.3788e-06,-0.004,-0.004,0.02,0.08
2.3792e-06,-0.004,0.004,0.1,0.08
2.3796e-06,0.004,-0.004,0.02,0.08
2.3800e-06,0.004,0.004,-0.02,0.04
2.3804e-06,0.004,0.004,0.02,0.04
2.3808e-06,-0.004,0.004,0.06,0.04
2.3812e-06,0.004,-0.004,0.02,0.04
2.3816e-06,0.004,-0.004,-0.02,0
2.3820e-06,0.004,-0.004,-0.02,0.04
2.3824e-06,0.004,-0.004,0.06,0.04
2.3828e-06,-0.004,-0.004,0.02,0.08
2.3832e-06,-0.004,0.004,-0.02,0.04
2.3836e-06,-0.004,-0.012,0.06,0.04
2.3840e-06,-0.004,0.004,0.02,0.04
2.3844e-06,0.004,-0.004,0.02,0.12
2.3848e-06,-0.004,-0.004,0.02,0.08
2.3852e-06,-0.004,-0.004,0.02,0.04
2.3856e-06,-0.004,0.004,0.06,0.08
2.3860e-06,-0.004,-0.004,0.02,0.04
2.3864e-06,0.004,0.004,0.02,0
2.3868e-06,-0.004,-0.004,0.06,0.08
2.3872e-06,-0.004,-0.004,0.02,0
2.3876e-06,-0.004,-0.004,-0.02,0.04
2.3880e-06,-0.012,-0.004,-0.02,0.04
2.3884e-06,-0.012,0.004,-0.02,0.04
2.3888e-06,-0.004,0.004,-0.02,0.04
2.3892e-06,-0.004,-0.004,0.02,0.08
2.3896e-06,-0.004,0.004,0.02,0.04
2.3900e-06,0.004,0.004,0.02,0.04
2.3904e-06,-0.004,-0.004,0.06,0.04
2.3908e-06,-0.004,-0.004,0.02,0.04
2.3912e-06,-0.004,-0.004,0.02,0
2.3916e-06,-0.004,-0.004,0.02,0.08
2.3920e-06,-0.004,-0.012,-0.02,0.08
2.3924e-06,-0.004,0.004,-0.02,0.08
2.3928e-06,-0.012,-0.004,0.02,0.04
2.3932e-06,-0.004,-0.012,0.02,0.08
2.3936e-06,-0.004,-0.004,0.06,0.04
2.3940e-06,0.004,-0.004,0.02,0.08
2.3944e-06,-0.004,-0.012,0.02,0.04
2.3948e-06,0.004,-0.004,-0.02,0.08
2.3952e-06,-0.004,-0.004,0.02,0.08
2.3956e-06,-0.004,0.004,0.02,0.12
2.3960e-06,0.004,0.012,0.06,0.08
2.3964e-06,-0.004,0.004,-0.02,0.04
2.3968e-06,-0.004,0.012,0.06,0.04
2.3972e-06,-0.004,0.004,0.06,0.04
2.3976e-06,-0.004,-0.004,0.02,0.08
2.3980e-06,-0.004,0.004,-0.02,0.08
2.3984e-06,0.004,-0.004,0.02,0.08
2.3988e-06,-0.004,0.004,0.02,0.08
2.3992e-06,-0.004,-0.004,0.02,0.04
2.3996e-06,-0.004,-0.012,0.02,0.08
2.4000e-06,-0.004,0.004,0.06,0.08
2.4004e-06,0.004,0.004,0.1,0.08
2.4008e-06,0.004,-0.004,0.02,0.04
2.4012e-06,-0.004,-0.012,0.06,0.08
2.4016e-06,-0.004,0.004,0.06,0.08
2.4020e-06,-0.004,-0.004,-0.02,0.04
2.4024e-06,0.004,0.004,0.06,0.04
2.4028e-06,0.004,0.012,0.02,0.08
2.4032e-06,-0.004,0.004,0.06,0.04
2.4036e-06,0.004,-0.004,0.02,0.08
2.4040e-06,0.004,-0.004,0.02,0.08
2.4044e-06,0.004,0.004,0.06,0.08
2.4048e-06,0.004,-0.004,0.02,0.12
2.4052e-06,0.004,0.004,0.06,0.08
2.4056e-06,-0.004,-0.004,0.02,0.04
2.4060e-06,0.004,-0.004,0.06,0.04
2.4064e-06,0.004,-0.004,0.02,0.04
2.4068e-06,-0.004,-0.004,0.06,0.04
2.4072e-06,-0.004,-0.004,-0.02,0.08
2.4076e-06,-0.004,-0.004,-0.02,0.08
2.4080e-06,-0.004,0.004,0.02,0.04
2.4084e-06,-0.004,-0.004,0.02,0.08
2.4088e-06,0.004,-0.004,0.02,0.12
2.4092e-06,-0.004,0.004,0.02,0.08
2.4096e-06,0.004,0.004,0.02,0.04
2.4100e-06,-0.004,0.004,0.02,0.08
2.4104e-06,-0.004,-0.004,0.1,0.04
2.4108e-06,-0.004,0.004,0.02,0.08
2.4112e-06,-0.004,-0.004,0.02,0.04
2.4116e-06,0.004,0.004,0.06,0.08
2.4120e-06,-0.004,0.004,0.06,0
2.4124e-06,0.004,0.004,0.06,0.04
2.4128e-06,-0.012,0.004,0.1,0.08
2.4132e-06,-0.004,-0.004,-0.02,0.08
2.4136e-06,0.004,-0.004,0.02,0.04
2.4140e-06,0.004,0.004,0.02,0.04
2.4144e-06,-0.004,0.012,0.02,0.04
2.4148e-06,-0.004,0.004,0.06,0.04
2.4152e-06,-0.004,0.004,0.02,0.04
2.4156e-06,-0.004,0.004,0.02,0.04
2.4160e-06,0.004,-0.004,0.02,0.04
2.4164e-06,0.004,0.004,0.02,0.04
2.4168e-06,0.004,0.004,0.02,0.04
2.4172e-06,0.004,-0.012,0.02,0
2.4176e-06,0.004,0.004,0.06,0.08
2.4180e-06,-0.004,0.012,-0.02,0.04
2.4184e-06,-0.004,0.004,0.02,0.04
2.4188e-06,0.004,0.004,0.06,0.08
2.4192e-06,0.004,-0.004,0.02,0.04
2.4196e-06,0.004,0.012,0.02,0.08
2.4200e-06,-0.004,-0.004,0.06,0.04
2.4204e-06,-0.004,0.004,0.1,0.04
2.4208e-06,-0.004,0.004,0.02,0.04
2.4212e-06,-0.012,-0.004,0.02,0.12
2.4216e-06,-0.004,0.004,0.06,0.08
2.4220e-06,0.004,-0.004,-0.02,0.04
2.4224e-06,0.004,-0.004,0.06,0.04
2.4228e-06,-0.004,-0.004,0.06,0.04
2.4232e-06,-0.004,-0.004,0.06,0.08
2.4236e-06,-0.004,-0.004,0.02,0.04
2.4240e-06,-0.004,0.004,0.06,0.12
2.4244e-06,-0.004,0.004,0.02,0.12
2.4248e-06,-0.004,0.004,0.02,0.08
2.4252e-06,0.004,0.004,0.02,0.04
2.4256e-06,-0.004,0.004,-0.02,0.08
2.4260e-06,-0.012,-0.004,0.02,0.08
2.4264e-06,0.004,-0.004,0.02,0.08
2.4268e-06,0.004,-0.004,0.02,0.08
2.4272e-06,0.004,0.02,0.02,0.08
2.4276e-06,0.004,0.004,0.06,0.08
2.4280e-06,0.004,-0.004,0.06,0.04
2.4284e-06,-0.004,0.004,0.06,0.04
2.4288e-06,-0.004,0.004,0.02,0.08
2.4292e-06,-0.004,-0.004,0.06,0.08
2.4296e-06,0.004,0.004,0.02,0.04
2.4300e-06,-0.004,-0.004,0.02,0.08
2.4304e-06,-0.004,-0.004,0.02,0.04
2.4308e-06,-0.004,-0.004,0.06,0.08
2.4312e-06,0.004,0.004,0.06,0.08
2.4316e-06,0.004,-0.004,0.06,0.08
2.4320e-06,-0.004,0.004,0.06,0.08
2.4324e-06,0.004,0.004,0.02,0.08
2.4328e-06,-0.004,-0.004,0.06,0.04
2.4332e-06,0.004,0.004,0.02,0.04
2.4336e-06,-0.004,-0.004,0.02,0
2.4340e-06,-0.012,0.004,0.02,0.12
2.4344e-06,0.004,0.004,0.02,0.08
2.4348e-06,-0.012,0.004,0.02,0.08
2.4352e-06,0.004,-0.004,0.06,0.08
2.4356e-06,-0.02,-0.004,0.02,0.08
2.4360e-06,0.004,-0.004,0.02,0.08
2.4364e-06,-0.012,0.004,0.1,0.12
2.4368e-06,0.004,-0.004,0.1,0.04
2.4372e-06,0.004,0.012,0.06,0.04
2.4376e-06,-0.004,-0.004,0.06,0
2.4380e-06,0.004,0.004,0.02,0.04
2.4384e-06,0.004,0.004,0.06,0.08
2.4388e-06,0.004,-0.004,0.06,0.04
2.4392e-06,0.004,0.004,0.06,0.08
2.4396e-06,0.004,0.004,0.06,0.08
2.4400e-06,0.004,-0.004,0.06,0.08
2.4404e-06,-0.004,-0.004,0.1,0.08
2.4408e-06,-0.004,0.004,0.1,0.08
2.4412e-06,0.004,0.004,0.1,0.12
2.4416e-06,0.004,-0.004,0.1,0.08
2.4420e-06,0.004,0.004,0.06,0.08
2.4424e-06,0.004,0.012,0.1,0.08
2.4428e-06,-0.004,-0.004,0.06,0.08
2.4432e-06,-0.004,0.004,0.02,0.04
2.4436e-06,0.004,-0.004,0.02,0.08
2.4440e-06,0.004,-0.004,0.06,0.04
2.4444e-06,0.004,0.004,0.02,0.08
2.4448e-06,0.004,0.004,0.06,0.08
2.4452e-06,0.012,-0.004,0.1,0.04
2.4456e-06,-0.012,-0.004,0.02,0.08
2.4460e-06,-0.012,-0.004,0.06,0.04
2.4464e-06,-0.004,-0.012,0.06,0.08
2.4468e-06,0.004,-0.012,0.02,0.08
2.4472e-06,0.004,-0.004,0.06,0.08
2.4476e-06,0.004,-0.004,0.06,0.08
2.4480e-06,0.004,-0.004,0.06,0.08
2.4484e-06,0.004,0.004,0.02,0.04
2.4488e-06,-0.012,-0.004,0.02,0.08
2.4492e-06,-0.004,0.004,0.06,0.04
2.4496e-06,0.004,-0.012,0.02,0.08
2.4500e-06,-0.004,-0.012,0.02,0.08
2.4504e-06,0.004,-0.004,0.06,0.12
2.4508e-06,0.004,0.004,0.02,0.08
2.4512e-06,-0.004,-0.004,-0.02,0.04
2.4516e-06,-0.004,-0.012,0.02,0.04
2.4520e-06,-0.004,0.004,0.06,0.04
2.4524e-06,0.004,-0.004,0.06,0.08
2.4528e-06,0.004,0.012,0.02,0.04
2.4532e-06,0.004,0.004,0.02,0.08
2.4536e-06,0.004,0.004,0.02,0.04
2.4540e-06,-0.004,-0.004,0.02,0.08
2.4544e-06,0.004,-0.004,0.02,0.08
2.4548e-06,0.004,0.004,0.02,0.04
2.4552e-06,-0.004,0.004,0.06,0.04
2.4556e-06,-0.004,-0.004,0.02,0.12
2.4560e-06,-0.004,0.004,0.02,0.08
2.4564e-06,-0.004,0.004,0.02,0.04
2.4568e-06,-0.004,-0.004,0.02,0.08
2.4572e-06,-0.004,0.004,0.06,0.04
2.4576e-06,-0.004,0.004,0.06,0.12
2.4580e-06,-0.004,-0.004,0.02,0.08
2.4584e-06,-0.004,-0.004,0.06,0.04
2.4588e-06,-0.004,-0.004,0.06,0.04
2.4592e-06,-0.004,0.004,0.06,0.08
2.4596e-06,0.004,0.004,0.02,0.08
2.4600e-06,-0.004,0.004,0.02,0.12
2.4604e-06,-0.012,0.004,0.02,0.08
2.4608e-06,-0.004,-0.004,0.02,0.12
2.4612e-06,-0.004,0.004,0.06,0.08
2.4616e-06,-0.004,0.004,0.06,0.08
2.4620e-06,-0.004,0.004,0.02,0.08
2.4624e-06,-0.004,0.012,0.02,0.08
2.4628e-06,0.004,0.004,0.02,0.04
2.4632e-06,-0.004,-0.004,0.02,0.04
2.4636e-06,-0.012,0.004,-0.02,0.04
2.4640e-06,-0.004,-0.004,0.02,0.08
2.4644e-06,0.004,-0.004,0.02,0.08
2.4648e-06,0.004,-0.004,-0.02,0.08
2.4652e-06,0.004,-0.004,-0.02,0.08
2.4656e-06,0.004,0.004,-0.02,0.04
2.4660e-06,-0.004,0.004,0.02,0.08
2.4664e-06,0.004,-0.012,0.1,0.08
2.4668e-06,-0.004,-0.004,0.06,0.08
2.4672e-06,-0.004,-0.004,0.02,0.08
2.4676e-06,0.004,-0.012,0.06,0.08
2.4680e-06,0.004,-0.004,0.06,0.08
2.4684e-06,0.004,-0.004,0.06,0.08
2.4688e-06,0.004,-0.004,0.06,0.08
2.4692e-06,-0.004,-0.004,-0.02,0.08
2.4696e-06,-0.012,0.004,0.06,0.08
2.4700e-06,0.004,0.004,0.02,0.04
2.4704e-06,-0.004,-0.004,0.02,0.04
2.4708e-06,0.004,0.004,0.02,0.04
2.4712e-06,0.004,-0.004,0.02,0.08
2.4716e-06,-0.004,0.004,-0.02,0.12
2.4720e-06,0.012,0.004,0.02,0.04
2.4724e-06,-0.004,0.004,-0.02,0.08
2.4728e-06,0.004,0.004,0.02,0.08
2.4732e-06,0.004,-0.004,0.02,0.08
2.4736e-06,0.004,-0.004,0.06,0.12
2.4740e-06,0.004,-0.004,0.02,0.12
2.4744e-06,0.004,0.004,0.02,0.12
2.4748e-06,0.004,0.004,-0.02,0.08
2.4752e-06,-0.004,0.004,-0.02,0.08
2.4756e-06,0.004,0.004,-0.02,0.12
2.4760e-06,0.004,-0.004,0.1,0.08
2.4764e-06,0.004,0.004,0.06,0.08
2.4768e-06,-0.012,-0.004,0.06,0.08
2.4772e-06,0.004,0.004,0.02,0.08
2.4776e-06,0.004,-0.004,0.06,0.08
2.4780e-06,0.004,0.004,0.02,0.08
2.4784e-06,0.012,-0.004,0.06,0.04
2.4788e-06,0.004,-0.004,0.02,0.04
2.4792e-06,0.004,0.004,0.06,0.08
2.4796e-06,-0.004,0.004,0.02,0.04
2.4800e-06,-0.004,0.004,0.02,0.08
2.4804e-06,0.004,0.004,0.06,0.04
2.4808e-06,-0.004,-0.004,0.06,0.04
2.4812e-06,0.004,-0.004,0.06,0.08
2.4816e-06,0.004,0.004,0.06,0.04
2.4820e-06,0.004,-0.004,0.06,0.04
2.4824e-06,-0.004,-0.004,0.06,0.04
2.4828e-06,0.004,0.004,0.06,0.04
2.4832e-06,0.004,-0.012,0.06,0
2.4836e-06,0.004,-0.004,0.02,0.08
2.4840e-06,-0.004,0.004,0.06,0
2.4844e-06,0.004,0.004,0.02,0.08
2.4848e-06,-0.004,-0.004,0.02,0.08
2.4852e-06,0.004,-0.004,0.06,0.04
2.4856e-06,-0.012,-0.004,0.02,0.08
2.4860e-06,-0.004,0.004,0.02,0.08
2.4864e-06,-0.004,-0.012,0.06,0.04
2.4868e-06,0.004,-0.004,0.06,0.08
2.4872e-06,0.004,-0.004,0.06,0.08
2.4876e-06,-0.004,0.004,0.02,0.08
2.4880e-06,-0.004,0.004,-0.02,0.04
2.4884e-06,-0.004,0.004,-0.02,0.04
2.4888e-06,0.004,0.004,0.02,0.04
2.4892e-06,-0.004,-0.004,0.02,0
2.4896e-06,-0.004,0.004,0.02,0
2.4900e-06,0.004,0.004,-0.02,0
2.4904e-06,0.004,-0.004,0.06,0.08
2.4908e-06,0.004,0.004,0.02,0.08
2.4912e-06,0.004,0.004,0.02,0.04
2.4916e-06,-0.004,-0.004,-0.02,0.08
2.4920e-06,-0.004,-0.004,0.02,0.08
2.4924e-06,0.004,0.004,0.02,0.08
2.4928e-06,-0.012,-0.004,0.02,0.08
2.4932e-06,-0.004,-0.004,0.02,0.08
2.4936e-06,0.004,0.004,0.02,0.08
2.4940e-06,-0.004,-0.004,0.06,0.08
2.4944e-06,-0.004,0.004,0.06,0.08
2.4948e-06,-0.004,0.004,0.02,0.04
2.4952e-06,0.004,-0.004,0.02,0.04
2.4956e-06,0.004,0.004,0.02,0.08
2.4960e-06,-0.004,-0.004,0.02,0.12
2.4964e-06,0.004,0.004,-0.02,0.04
2.4968e-06,-0.004,0.004,0.02,0.08
2.4972e-06,-0.004,-0.004,0.06,0.04
2.4976e-06,-0.004,0.004,0.02,0.12
2.4980e-06,-0.004,0.004,0.02,0.08
2.4984e-06,-0.012,0.004,0.06,0.08
2.4988e-06,-0.004,0.004,-0.02,0.04
2.4992e-06,0.004,0.004,0.02,0.04
2.4996e-06,0.004,-0.004,0.06,0.04
2.5000e-06,-0.004,0.004,0.06,0.08
2.5004e-06,-0.004,0.004,0.06,0.04
2.5008e-06,-0.004,-0.012,0.06,0.08
2.5012e-06,-0.004,-0.004,0.06,0.08
2.5016e-06,-0.004,0.004,-0.02,0.04
2.5020e-06,-0.004,-0.004,-0.02,0.04
2.5024e-06,-0.004,0.004,0.06,0.04
2.5028e-06,0.004,0.004,0.06,0.08
2.5032e-06,-0.004,-0.004,0.06,0.08
2.5036e-06,-0.004,-0.004,0.06,0.12
2.5040e-06,-0.004,0.004,0.02,0.08
2.5044e-06,0.012,0.004,-0.02,0.08
2.5048e-06,-0.004,-0.004,0.02,0.08
2.5052e-06,-0.004,-0.004,0.02,0.04
2.5056e-06,-0.004,-0.004,0.02,0.08
2.5060e-06,0.004,-0.004,0.06,0.08
2.5064e-06,-0.004,0.004,-0.02,0.08
2.5068e-06,-0.004,-0.004,0.06,0.08
2.5072e-06,-0.012,-0.004,0.02,0.12
2.5076e-06,0.004,-0.004,-0.02,0.12
2.5080e-06,-0.012,-0.004,0.06,0.08
2.5084e-06,-0.004,0.004,0.06,0.08
2.5088e-06,0.004,-0.004,0.06,0.04
2.5092e-06,0.004,-0.004,0.06,0.12
2.5096e-06,-0.004,-0.004,0.02,0.08
2.5100e-06,0.004,-0.004,0.02,0.04
2.5104e-06,-0.004,0.004,0.02,0.08
2.5108e-06,-0.004,-0.004,0.06,0.08
2.5112e-06,0.004,0.004,0.1,0.04
2.5116e-06,0.012,-0.004,0.02,0.04
2.5120e-06,-0.004,-0.004,0.06,0.08
2.5124e-06,0.004,-0.004,0.06,0.08
2.5128e-06,-0.004,-0.004,0.06,0.08
2.5132e-06,-0.004,-0.004,0.06,0.04
2.5136e-06,0.004,-0.004,0.02,0.04
2.5140e-06,-0.004,-0.004,0.06,0.04
2.5144e-06,-0.004,-0.004,0.06,0.04
2.5148e-06,-0.004,-0.004,0.02,0.08
2.5152e-06,0.004,0.004,0.06,0.04
2.5156e-06,-0.004,0.004,0.02,0.08
2.5160e-06,-0.004,-0.004,0.06,0.08
2.5164e-06,-0.004,0.004,-0.02,0.08
2.5168e-06,-0.004,0.004,0.02,0.08
2.5172e-06,-0.004,0.004,0.02,0.08
2.5176e-06,-0.004,-0.004,0.06,0.04
2.5180e-06,-0.004,-0.004,0.06,0.08
2.5184e-06,-0.004,-0.004,0.02,0.08
2.5188e-06,0.012,-0.004,0.06,0.08
2.5192e-06,-0.004,0.004,0.02,0.08
2.5196e-06,-0.012,0.004,0.02,0.04
2.5200e-06,-0.004,0.004,0.06,0.04
2.5204e-06,0.004,-0.004,0.1,0.08
2.5208e-06,-0.004,-0.004,0.06,0.04
2.5212e-06,-0.004,-0.004,0.02,0.04
2.5216e-06,-0.004,-0.004,0.02,0.16
2.5220e-06,-0.004,-0.004,-0.02,0.08
2.5224e-06,-0.004,0.004,0.02,0.08
2.5228e-06,-0.004,-0.004,0.02,0.04
2.5232e-06,0.004,0.004,0.06,0.04
2.5236e-06,0.004,0.004,0.06,0.04
2.5240e-06,-0.004,0.004,0.06,0.04
2.5244e-06,0.004,0.004,0.02,0.04
2.5248e-06,0.004,-0.004,0.02,0.04
2.5252e-06,0.004,-0.004,0.02,0.08
2.5256e-06,0.004,0.004,-0.02,0.08
2.5260e-06,0.012,0.004,0.02,0.08
2.5264e-06,-0.004,-0.012,0.06,0.04
2.5268e-06,-0.004,-0.004,0.1,0.08
2.5272e-06,0.004,0.004,0.02,0.04
2.5276e-06,0.004,0.004,0.1,0.04
2.5280e-06,-0.004,0.004,0.06,0.04
2.5284e-06,-0.004,0.004,0.06,0.08
2.5288e-06,-0.004,0.004,0.06,0.08
2.5292e-06,-0.004,-0.004,0.06,0.08
2.5296e-06,0.004,-0.004,0.06,0.08
2.5300e-06,0.004,-0.004,0.02,0.08
2.5304e-06,-0.004,0.004,0.06,0.08
2.5308e-06,0.004,0.004,0.02,0.08
2.5312e-06,0.012,-0.004,0.06,0.04
2.5316e-06,0.004,-0.004,0.02,0.04
2.5320e-06,0.004,-0.004,0.02,0.08
2.5324e-06,0.004,-0.012,0.02,0.04
2.5328e-06,0.004,0.004,0.02,0.08
2.5332e-06,-0.004,-0.012,0.06,0.04
2.5336e-06,0.004,-0.012,0.06,0.04
2.5340e-06,-0.004,-0.012,0.06,0.04
2.5344e-06,-0.004,-0.012,0.06,0.08
2.5348e-06,-0.004,0.004,0.06,0.08
2.5352e-06,0.004,-0.004,0.06,0.04
2.5356e-06,0.004,0.004,0.06,0.08
2.5360e-06,0.004,0.004,0.02,0.04
2.5364e-06,-0.004,-0.004,0.06,0.04
2.5368e-06,-0.004,-0.004,0.06,0.04
2.5372e-06,0.004,0.004,0.1,0.04
2.5376e-06,0.004,-0.004,0.02,0.04
2.5380e-06,0.004,-0.004,0.02,0.04
2.5384e-06,0.012,0.004,0.02,0.08
2.5388e-06,-0.004,0.004,0.02,0.04
2.5392e-06,-0.004,0.004,0.06,0.04
2.5396e-06,-0.004,-0.004,0.06,0.08
2.5400e-06,0.004,0.004,0.06,0.08
2.5404e-06,-0.004,0.004,0.06,0.04
2.5408e-06,0.004,0.004,0.02,0.08
2.5412e-06,0.004,0.004,0.06,0.08
2.5416e-06,0.004,-0.004,0.02,0.08
2.5420e-06,0.012,-0.004,0.06,0.04
2.5424e-06,0.004,-0.004,0.02,0.08
2.5428e-06,0.004,-0.004,0.02,0.08
2.5432e-06,-0.004,-0.004,-0.02,0.04
2.5436e-06,0.004,-0.004,0.02,0.08
2.5440e-06,-0.004,-0.004,0.02,0.04
2.5444e-06,-0.004,0.004,0.1,0.04
2.5448e-06,-0.004,-0.004,0.06,0
2.5452e-06,0.004,0.004,0.02,0.04
2.5456e-06,0.004,-0.012,0.1,0.04
2.5460e-06,-0.004,-0.004,0.06,0.04
2.5464e-06,-0.012,-0.004,0.02,0
2.5468e-06,-0.004,-0.004,0.06,0.04
2.5472e-06,-0.004,-0.004,0.06,0.08
2.5476e-06,-0.004,0.004,0.06,0.04
2.5480e-06,-0.004,0.004,0.1,0.08
2.5484e-06,-0.004,0.004,0.06,0.08
2.5488e-06,-0.004,-0.004,0.06,0.08
2.5492e-06,-0.004,-0.004,0.06,0.08
2.5496e-06,-0.004,0.004,0.02,0.08
2.5500e-06,0.004,-0.004,0.06,0.04
2.5504e-06,-0.004,-0.004,0.06,0.04
2.5508e-06,-0.004,-0.004,0.06,0.08
2.5512e-06,-0.004,-0.004,0.02,0.08
2.5516e-06,-0.004,-0.004,0.06,0.12
2.5520e-06,-0.004,-0.004,-0.02,0.04
2.5524e-06,-0.004,-0.004,0.06,0.08
2.5528e-06,-0.004,-0.012,0.02,0.08
2.5532e-06,0.004,0.012,0.02,0.08
2.5536e-06,0.004,-0.004,-0.02,0.08
2.5540e-06,-0.012,-0.004,-0.02,0.08
2.5544e-06,0.004,0.004,0.06,0.12
2.5548e-06,-0.004,-0.004,-0.02,0.12
2.5552e-06,-0.004,0.004,-0.02,0.08
2.5556e-06,-0.004,-0.012,0.02,0.08
2.5560e-06,0.004,-0.012,-0.02,0.08
2.5564e-06,0.004,-0.004,-0.06,0.04
2.5568e-06,-0.004,-0.004,0.02,0
2.5572e-06,-0.004,-0.004,0.06,0.04
2.5576e-06,-0.004,-0.004,0.02,0
2.5580e-06,0.004,0.004,-0.02,0.08
2.5584e-06,0.004,-0.004,-0.02,0.04
2.5588e-06,0.004,-0.004,-0.02,0.04
2.5592e-06,0.004,-0.004,0.02,0.04
2.5596e-06,-0.004,0.004,0.02,0
2.5600e-06,0.004,-0.004,0.02,0
2.5604e-06,0.004,0.012,0.02,0.04
2.5608e-06,0.004,0.004,0.02,0.12
2.5612e-06,0.012,0.004,0.02,0.04
2.5616e-06,0.004,-0.004,0.02,0.04
2.5620e-06,-0.004,0.004,0.02,0.08
2.5624e-06,0.004,0.004,0.02,0.04
2.5628e-06,0.004,-0.004,0.02,0.08
2.5632e-06,-0.004,-0.004,0.02,0.08
2.5636e-06,0.004,0.004,-0.02,0.12
2.5640e-06,0.004,0.004,-0.02,0.08
2.5644e-06,-0.004,0.012,-0.02,0.04
2.5648e-06,-0.004,-0.004,0.02,0.04
2.5652e-06,-0.004,-0.004,-0.02,0.08
2.5656e-06,-0.004,-0.004,0.06,0.08
2.5660e-06,0.004,0.004,0.02,0.08
2.5664e-06,0.004,0.004,0.02,0.08
2.5668e-06,0.004,-0.004,0.02,0.08
2.5672e-06,-0.004,0.004,-0.02,0.08
2.5676e-06,0.004,-0.004,0.06,0.08
2.5680e-06,0.004,0.004,0.06,0.08
2.5684e-06,0.004,-0.004,0.02,0.08
2.5688e-06,-0.004,0.004,0.02,0.04
2.5692e-06,0.004,-0.004,0.06,0.04
2.5696e-06,-0.004,0.004,0.06,0.08
2.5700e-06,-0.004,-0.004,0.06,0.08
2.5704e-06,-0.004,-0.004,0.1,0.04
2.5708e-06,-0.004,0.004,0.02,0.08
2.5712e-06,-0.012,-0.004,0.1,0.04
2.5716e-06,-0.02,-0.012,0.06,0.04
2.5720e-06,-0.012,0.004,0.06,0.04
2.5724e-06,-0.012,-0.004,0.1,0.08
2.5728e-06,-0.012,0.004,0.06,0.04
2.5732e-06,-0.004,-0.004,0.06,0.08
2.5736e-06,-0.012,0.004,0.1,0.08
2.5740e-06,-0.012,-0.004,0.06,0.08
2.5744e-06,-0.004,-0.004,0.06,0.08
2.5748e-06,0.004,0.004,0.02,0.12
2.5752e-06,0.004,0.004,0.02,0.08
2.5756e-06,0.004,0.004,0.06,0.08
2.5760e-06,-0.012,-0.004,0.06,0.08
2.5764e-06,-0.004,0.004,0.02,0.08
2.5768e-06,0.004,0.004,0.02,0.08
2.5772e-06,0.012,-0.004,0.02,0.08
2.5776e-06,-0.004,-0.004,0.06,0.04
2.5780e-06,-0.004,0.004,0.06,0.08
2.5784e-06,-0.004,-0.004,0.1,0.04
2.5788e-06,-0.004,-0.004,0.06,0.08
2.5792e-06,0.004,0.004,0.02,0.08
2.5796e-06,-0.004,-0.004,0.06,0.04
2.5800e-06,-0.004,0.012,0.02,0.08
2.5804e-06,-0.004,0.004,0.1,0.04
2.5808e-06,0.004,-0.004,0.06,0.04
2.5812e-06,-0.004,0.004,0.02,0.08
2.5816e-06,0.004,0.004,0.02,0.04
2.5820e-06,0.004,-0.012,-0.02,0.04
2.5824e-06,0.004,-0.004,0.06,0.04
2.5828e-06,-0.004,0.004,0.06,0.08
2.5832e-06,-0.004,0.004,0.02,0.08
2.5836e-06,0.004,-0.004,0.06,0.04
2.5840e-06,0.004,0.004,-0.02,0.08
2.5844e-06,-0.004,-0.004,0.02,0.08
2.5848e-06,-0.004,0.004,-0.02,0.08
2.5852e-06,-0.004,-0.004,0.02,0.12
2.5856e-06,-0.004,-0.012,0.02,0.08
2.5860e-06,0.004,-0.004,0.06,0.04
2.5864e-06,-0.004,0.004,-0.02,0.08
2.5868e-06,0.004,0.004,0.02,0.04
2.5872e-06,0.004,0.004,0.02,0.04
2.5876e-06,0.004,-0.012,0.06,0.04
2.5880e-06,0.004,-0.004,0.02,0.08
2.5884e-06,-0.004,0.004,0.1,0.04
2.5888e-06,-0.004,-0.004,0.06,0.08
2.5892e-06,-0.012,0.004,0.06,0.04
2.5896e-06,0.004,0.004,0.06,0.04
2.5900e-06,-0.004,0.012,0.06,0.08
2.5904e-06,-0.004,-0.004,0.02,0.08
2.5908e-06,-0.004,0.004,0.02,0.08
2.5912e-06,0.004,-0.004,-0.02,0.08
2.5916e-06,0.004,0.004,-0.02,0.04
2.5920e-06,-0.004,-0.004,0.06,0.08
2.5924e-06,-0.004,0.004,0.06,0.08
2.5928e-06,0.004,0.004,0.02,0.08
2.5932e-06,0.004,0.004,0.06,0.04
2.5936e-06,-0.004,0.004,-0.02,0.12
2.5940e-06,0.004,-0.004,0.02,0.08
2.5944e-06,-0.004,-0.004,-0.02,0.04
2.5948e-06,0.004,0.004,0.06,0.08
2.5952e-06,0.012,0.004,0.06,0.08
2.5956e-06,0.012,0.004,0.02,0.08
2.5960e-06,-0.004,0.004,0.1,0.08
2.5964e-06,-0.004,-0.004,0.06,0.08
2.5968e-06,-0.012,0.004,0.02,0.08
2.5972e-06,-0.012,-0.004,0.02,0.08
2.5976e-06,-0.012,-0.004,0.02,0.08
2.5980e-06,-0.004,-0.004,0.02,0.08
2.5984e-06,-0.012,-0.004,0.02,0.08
2.5988e-06,-0.004,-0.012,0.02,0.08
2.5992e-06,-0.012,-0.012,0.06,0.08
2.5996e-06,-0.004,0.004,0.06,0.04
2.6000e-06,-0.012,-0.004,0.02,0.08
2.6004e-06,-0.004,-0.004,0.06,0.04
2.6008e-06,0.004,0.004,0.02,0.04
2.6012e-06,0.004,-0.004,0.02,0.08
2.6016e-06,-0.004,-0.004,0.06,0.08
2.6020e-06,0.004,-0.004,0.06,0.08
2.6024e-06,-0.004,-0.004,0.06,0.04
2.6028e-06,0.004,-0.004,0.02,0.08
2.6032e-06,0.004,-0.004,0.06,0.08
2.6036e-06,-0.004,-0.004,0.06,0.08
2.6040e-06,0.004,0.004,0.06,0.08
2.6044e-06,0.004,0.012,0.02,0.12
2.6048e-06,-0.004,-0.012,0.02,0.08
2.6052e-06,-0.004,-0.004,0.02,0.12
2.6056e-06,-0.004,0.004,0.1,0.04
2.6060e-06,0.012,0.004,0.1,0.08
2.6064e-06,-0.02,-0.004,0.06,0.08
2.6068e-06,0.012,-0.004,0.02,0.04
2.6072e-06,0.004,0.004,0.06,0.08
2.6076e-06,0.004,0.004,0.02,0.08
2.6080e-06,-0.004,-0.004,0.02,0.08
2.6084e-06,-0.004,-0.004,0.02,0.08
2.6088e-06,-0.004,0.004,0.06,0.12
2.6092e-06,0.004,-0.004,0.06,0.08
2.6096e-06,0.004,-0.004,0.02,0.08
2.6100e-06,-0.004,0.004,0.02,0.08
2.6104e-06,-0.004,-0.004,-0.02,0.08
2.6108e-06,0.012,-0.004,-0.02,0.04
2.6112e-06,0.004,-0.004,0.02,0.04
2.6116e-06,-0.004,-0.004,-0.02,0.04
2.6120e-06,-0.004,-0.004,-0.02,0.04
2.6124e-06,0.004,-0.004,-0.02,0.08
2.6128e-06,0.004,0.004,0.02,0.08
2.6132e-06,0.012,-0.004,0.06,0
2.6136e-06,-0.004,-0.004,0.06,0.04
2.6140e-06,0.004,-0.004,0.02,0.04
2.6144e-06,-0.004,0.004,0.02,0.04
2.6148e-06,0.012,0.004,0.06,0.08
2.6152e-06,-0.004,0.004,0.02,0.04
2.6156e-06,0.004,-0.004,0.06,0.04
2.6160e-06,0.004,0.004,0.06,0.04
2.6164e-06,-0.004,-0.004,-0.02,0.08
2.6168e-06,0.004,0.004,0.02,0.08
2.6172e-06,-0.004,0.004,0.06,0.04
2.6176e-06,0.004,0.004,0.06,0.04
2.6180e-06,0.004,-0.004,0.06,0
2.6184e-06,-0.004,0.004,-0.02,0.04
2.6188e-06,-0.012,0.004,0.02,0.04
2.6192e-06,-0.004,0.004,0.02,0.08
2.6196e-06,-0.004,-0.004,0.06,0.04
2.6200e-06,0.004,-0.004,0.06,0.08
2.6204e-06,-0.004,0.004,0.06,0.04
2.6208e-06,0.004,0.004,0.02,0.04
2.6212e-06,-0.004,-0.004,0.02,0.04
2.6216e-06,-0.004,-0.004,0.02,0.04
2.6220e-06,-0.004,-0.004,0.02,0
2.6224e-06,0.004,-0.012,0.02,0.08
2.6228e-06,-0.004,-0.004,0.06,0.04
2.6232e-06,0.004,-0.004,0.06,0.04
2.6236e-06,-0.012,-0.004,0.06,0.04
2.6240e-06,0.004,0.004,0.06,0.08
2.6244e-06,0.004,0.004,0.02,0.08
2.6248e-06,0.004,-0.004,0.02,0.08
2.6252e-06,-0.004,-0.004,0.02,0.04
2.6256e-06,-0.004,-0.004,0.02,0.04
2.6260e-06,0.004,-0.004,-0.02,0.08
2.6264e-06,-0.012,-0.004,-0.06,0.04
2.6268e-06,-0.004,-0.012,0.02,0.04
2.6272e-06,0.004,-0.004,0.02,0
2.6276e-06,0.004,0.004,0.02,0.04
2.6280e-06,0.004,0.004,0.02,0.04
2.6284e-06,-0.004,-0.012,-0.02,0.04
2.6288e-06,-0.004,-0.004,0.02,0.08
2.6292e-06,0.004,0.012,-0.02,0.04
2.6296e-06,-0.004,-0.004,0.1,0.12
2.6300e-06,0.004,-0.004,0.02,0.08
2.6304e-06,0.012,-0.004,0.02,0.08
2.6308e-06,0.004,0.004,0.06,0.08
2.6312e-06,0.004,-0.004,0.02,0.08
2.6316e-06,-0.004,-0.012,-0.02,0.08
2.6320e-06,0.004,-0.004,0.02,0.08
2.6324e-06,0.004,0.004,-0.02,0.04
2.6328e-06,0.012,0.004,-0.02,0.08
2.6332e-06,-0.004,0.004,0.02,0.08
2.6336e-06,0.004,0.012,0.02,0.08
2.6340e-06,-0.004,0.004,-0.02,0.08
2.6344e-06,-0.004,0.004,-0.02,0.08
2.6348e-06,0.004,-0.004,-0.02,0.04
2.6352e-06,0.004,-0.004,0.02,0.04
2.6356e-06,-0.004,0.004,0.02,0.08
2.6360e-06,-0.004,0.004,0.06,0.08
2.6364e-06,-0.012,-0.004,0.1,0.12
2.6368e-06,-0.004,-0.004,0.02,0.08
2.6372e-06,0.004,0.004,0.02,0.08
2.6376e-06,-0.004,-0.012,0.02,0.08
2.6380e-06,-0.012,0.004,-0.02,0
2.6384e-06,-0.004,0.012,-0.02,0.04
2.6388e-06,0.004,-0.004,-0.02,0.08
2.6392e-06,-0.004,-0.004,0.02,0.08
2.6396e-06,0.004,0.004,0.02,0.08
2.6400e-06,0.004,-0.004,0.06,0.04
2.6404e-06,0.004,0.004,0.02,0.04
2.6408e-06,0.004,-0.012,0.02,0.08
2.6412e-06,0.012,-0.004,0.02,0.12
2.6416e-06,-0.004,-0.004,0.1,0.08
2.6420e-06,0.004,-0.004,0.02,0.04
2.6424e-06,-0.004,-0.004,0.02,0.08
2.6428e-06,0.012,-0.004,0.02,0.04
2.6432e-06,0.004,0.004,0.06,0.04
2.6436e-06,0.012,0.004,0.06,0.08
2.6440e-06,0.004,0.004,0.02,0.08
2.6444e-06,0.004,-0.004,0.02,0.04
2.6448e-06,0.004,0.012,0.02,0.08
2.6452e-06,-0.004,0.004,0.02,0.08
2.6456e-06,-0.004,0.004,-0.02,0.08
2.6460e-06,-0.004,0.004,0.06,0.08
2.6464e-06,-0.004,-0.004,0.06,0.08
2.6468e-06,0.004,0.004,0.06,0.08
2.6472e-06,-0.004,0.004,0.02,0.08
2.6476e-06,0.004,0.004,0.02,0.12
2.6480e-06,-0.012,-0.004,0.06,0.04
2.6484e-06,-0.012,-0.004,0.06,0.08
2.6488e-06,0.004,-0.004,0.1,0.08
2.6492e-06,0.004,0.004,0.06,0.08
2.6496e-06,-0.004,-0.004,0.02,0.04
2.6500e-06,-0.004,-0.004,0.06,0.08
2.6504e-06,0.004,-0.004,0.06,0.08
2.6508e-06,-0.004,-0.004,0.02,0.04
2.6512e-06,-0.004,-0.004,0.02,0.04
2.6516e-06,-0.004,-0.004,0.1,0.04
2.6520e-06,-0.004,0.004,0.02,0.04
2.6524e-06,-0.004,-0.012,0.02,0.04
2.6528e-06,-0.004,-0.004,0.02,0.04
2.6532e-06,-0.004,0.004,0.02,0.08
2.6536e-06,-0.004,-0.004,0.06,0.08
2.6540e-06,0.004,-0.012,0.06,0.12
2.6544e-06,0.004,-0.004,0.02,0.08
2.6548e-06,0.004,0.004,0.02,0.12
2.6552e-06,0.004,0.004,0.06,0.08
2.6556e-06,-0.004,0.004,0.02,0.04
2.6560e-06,0.004,-0.004,0.06,0.08
2.6564e-06,-0.004,0.004,0.02,0.04
2.6568e-06,0.004,-0.004,-0.02,0.08
2.6572e-06,-0.004,-0.004,0.02,0.08
2.6576e-06,-0.004,0.012,0.02,0.08
2.6580e-06,-0.004,0.004,0.02,0.08
2.6584e-06,0.004,-0.004,0.06,0.04
2.6588e-06,0.004,-0.004,0.06,0.08
2.6592e-06,0.004,-0.004,0.02,0.04
2.6596e-06,0.004,0.004,0.06,0.04
2.6600e-06,0.004,0.004,0.02,0.04
2.6604e-06,-0.004,-0.004,0.1,0.08
2.6608e-06,0.004,-0.004,0.06,0
2.6612e-06,-0.004,0.004,0.06,0.08
2.6616e-06,-0.004,-0.004,0.02,0.12
2.6620e-06,0.004,0.004,0.02,0.08
2.6624e-06,0.004,-0.004,0.06,0.04
2.6628e-06,0.004,0.004,0.06,0.08
2.6632e-06,-0.004,0.004,0.06,0.04
2.6636e-06,-0.004,-0.004,0.06,0.04
2.6640e-06,-0.004,-0.004,0.02,0.04
2.6644e-06,0.012,-0.004,0.1,0.04
2.6648e-06,0.012,0.004,0.02,0.04
2.6652e-06,0.004,-0.004,0.02,0.08
2.6656e-06,0.004,-0.004,0.02,0.08
2.6660e-06,0.004,-0.004,0.02,0.08
2.6664e-06,0.004,-0.004,0.02,0.08
2.6668e-06,0.004,0.004,0.02,0.04
2.6672e-06,-0.004,-0.004,-0.02,0.12
2.6676e-06,0.004,-0.004,0.02,0.04
2.6680e-06,-0.004,-0.004,0.02,0.08
2.6684e-06,0.004,-0.004,0.06,0.08
2.6688e-06,0.004,0.004,0.1,0.08
2.6692e-06,0.004,-0.004,0.02,0.08
2.6696e-06,0.004,0.004,0.06,0.04
2.6700e-06,0.004,0.004,0.02,0.08
2.6704e-06,0.004,0.004,0.06,0.08
2.6708e-06,-0.004,0.004,0.02,0.08
2.6712e-06,0.004,-0.004,0.1,0.08
2.6716e-06,-0.004,-0.012,0.02,0.04
2.6720e-06,-0.004,-0.004,0.02,0.12
2.6724e-06,0.004,0.004,0.06,0.08
2.6728e-06,0.004,0.004,0.06,0.12
2.6732e-06,0.004,0.012,0.06,0.08
2.6736e-06,-0.004,-0.004,0.02,0.08
2.6740e-06,0.004,-0.004,0.06,0.08
2.6744e-06,-0.004,-0.004,0.02,0.12
2.6748e-06,0.004,-0.004,0.02,0.08
2.6752e-06,-0.004,0.004,0.06,0.08
2.6756e-06,0.004,-0.004,0.06,0.08
2.6760e-06,0.004,0.004,0.06,0.12
2.6764e-06,-0.004,0.004,0.02,0.12
2.6768e-06,0.004,-0.004,0.02,0.08
2.6772e-06,-0.004,0.004,0.02,0.08
2.6776e-06,0.004,-0.004,0.06,0.08
2.6780e-06,0.004,0.004,0.02,0.08
2.6784e-06,0.004,0.004,0.02,0.08
2.6788e-06,0.004,-0.004,0.02,0.12
2.6792e-06,0.004,-0.004,0.06,0.04
2.6796e-06,0.012,-0.004,0.02,0.08
2.6800e-06,-0.004,0.004,0.02,0.08
2.6804e-06,0.004,-0.004,0.02,0.04
2.6808e-06,-0.004,-0.004,0.06,0.12
2.6812e-06,-0.004,0.012,0.02,0.08
2.6816e-06,-0.004,-0.004,0.02,0.08
2.6820e-06,-0.004,-0.004,0.02,0.08
2.6824e-06,-0.004,-0.004,0.02,0.08
2.6828e-06,0.004,-0.004,-0.02,0.08
2.6832e-06,0.004,-0.004,-0.02,0.08
2.6836e-06,0.004,0.004,0.02,0.08
2.6840e-06,-0.004,0.004,0.02,0.04
2.6844e-06,0.004,-0.004,0.02,0.08
2.6848e-06,-0.004,0.004,0.06,0.12
2.6852e-06,0.004,0.004,0.06,0.08
2.6856e-06,-0.004,0.004,0.02,0.08
2.6860e-06,-0.004,0.004,-0.02,0.08
2.6864e-06,0.004,-0.004,0.02,0.08
2.6868e-06,0.004,0.004,0.02,0.04
2.6872e-06,0.004,-0.004,-0.02,0.08
2.6876e-06,-0.004,0.004,0.06,0.08
2.6880e-06,-0.004,-0.004,0.02,0.04
2.6884e-06,0.012,0.004,0.02,0.08
2.6888e-06,0.004,0.004,0.02,0.04
2.6892e-06,0.004,0.004,0.02,0.04
2.6896e-06,-0.004,-0.004,0.06,0.04
2.6900e-06,0.012,-0.004,0.1,0.04
2.6904e-06,0.004,0.004,0.1,0.04
2.6908e-06,0.004,0.004,0.06,0.08
2.6912e-06,0.004,0.004,0.06,0.08
2.6916e-06,0.004,-0.004,0.02,0.08
2.6920e-06,-0.004,0.004,0.06,0.04
2.6924e-06,0.004,0.004,0.02,0.04
2.6928e-06,-0.004,-0.004,0.06,0.04
2.6932e-06,-0.004,-0.004,0.06,0
2.6936e-06,0.004,0.004,0.02,0.04
2.6940e-06,0.004,-0.004,0.06,0.12
2.6944e-06,0.004,-0.004,0.02,0.08
2.6948e-06,0.004,-0.012,0.06,0.04
2.6952e-06,0.004,-0.012,0.02,0.08
2.6956e-06,0.012,-0.012,0.02,0.08
2.6960e-06,-0.004,-0.02,0.02,0.08
2.6964e-06,-0.012,-0.02,0.06,0.08
2.6968e-06,0.004,-0.012,0.02,0.08
2.6972e-06,-0.004,-0.02,0.02,0.08
2.6976e-06,0.012,-0.02,0.02,0.08
2.6980e-06,-0.004,-0.004,0.06,0.08
2.6984e-06,-0.004,-0.012,0.06,0.08
2.6988e-06,0.004,-0.012,0.06,0.08
2.6992e-06,0.004,-0.012,0.02,0.08
2.6996e-06,-0.004,-0.012,0.02,0.04
2.7000e-06,-0.004,-0.004,0.06,0.08
2.7004e-06,0.004,-0.004,0.06,0.08
2.7008e-06,0.004,-0.004,0.1,0.08
2.7012e-06,0.004,-0.004,0.06,0.08
2.7016e-06,0.004,-0.004,0.06,0.08
2.7020e-06,-0.004,-0.004,0.06,0.04
2.7024e-06,0.012,-0.004,0.06,0.04
2.7028e-06,-0.004,0.004,0.02,0.04
2.7032e-06,-0.004,0.004,0.06,0.08
2.7036e-06,0.004,0.004,0.1,0.08
2.7040e-06,-0.004,-0.004,0.06,0.08
2.7044e-06,0.004,0.004,-0.02,0.08
2.7048e-06,-0.004,0.004,0.1,0.08
2.7052e-06,0.012,-0.004,0.06,0.04
2.7056e-06,-0.004,-0.004,0.02,0.04
2.7060e-06,0.004,0.004,0.06,0.08
2.7064e-06,-0.004,-0.004,0.06,0.04
2.7068e-06,0.004,-0.004,0.06,0.08
2.7072e-06,0.004,0.004,0.06,0.08
2.7076e-06,0.004,-0.004,0.06,0.08
2.7080e-06,-0.004,-0.004,0.02,0.08
2.7084e-06,-0.004,0.004,0.02,0.08
2.7088e-06,-0.004,0.004,0.02,0.08
2.7092e-06,0.004,0.012,0.02,0.08
2.7096e-06,-0.004,-0.004,0.06,0.12
2.7100e-06,0.004,-0.004,0.02,0.08
2.7104e-06,-0.004,0.004,0.02,0.08
2.7108e-06,0.004,0.004,0.06,0.04
2.7112e-06,-0.012,0.004,0.06,0.08
2.7116e-06,-0.004,-0.004,0.02,0.04
2.7120e-06,0.004,-0.004,0.06,0
2.7124e-06,-0.004,-0.012,0.02,0.04
2.7128e-06,-0.004,0.004,0.06,0.08
2.7132e-06,0.012,-0.004,0.02,0.08
2.7136e-06,-0.012,0.004,0.02,0.08
2.7140e-06,0.004,-0.012,0.1,0.04
2.7144e-06,0.004,-0.012,0.02,0.04
2.7148e-06,0.004,-0.02,0.06,0.04
2.7152e-06,0.004,-0.02,0.02,0.08
2.7156e-06,-0.004,-0.028,0.02,0.04
2.7160e-06,0.012,-0.028,0.02,0.08
2.7164e-06,0.004,-0.02,0.02,0.04
2.7168e-06,-0.004,-0.012,0.02,0.08
2.7172e-06,-0.004,-0.012,-0.02,0.08
2.7176e-06,0.004,-0.012,0.02,0.08
2.7180e-06,-0.004,-0.02,0.1,0.04
2.7184e-06,-0.012,-0.004,0.06,0.04
2.7188e-06,0.004,-0.004,0.02,0.04
2.7192e-06,-0.004,-0.004,-0.02,0.04
2.7196e-06,0.004,-0.004,0.06,0.08
2.7200e-06,0.004,0.004,0.06,0.04
2.7204e-06,0.004,-0.004,0.06,0.08
2.7208e-06,0.004,-0.012,0.06,0.08
2.7212e-06,-0.004,-0.004,-0.02,0.08
2.7216e-06,-0.004,0.004,-0.02,0.04
2.7220e-06,-0.004,-0.004,0.02,0.08
2.7224e-06,0.004,-0.012,0.02,0.04
2.7228e-06,0.004,0.004,0.02,0.04
2.7232e-06,-0.004,-0.004,0.06,0
2.7236e-06,0.004,-0.004,0.02,0.04
2.7240e-06,-0.004,-0.004,0.02,0.04
2.7244e-06,0.004,-0.012,0.06,0.08
2.7248e-06,-0.004,-0.004,0.06,0.04
2.7252e-06,-0.004,-0.004,0.06,0.04
2.7256e-06,-0.004,-0.004,0.02,0.04
2.7260e-06,0.004,-0.004,0.02,0.08
2.7264e-06,0.004,0.004,0.02,0.04
2.7268e-06,-0.004,-0.004,0.06,0.08
2.7272e-06,-0.004,0.004,0.02,0.04
2.7276e-06,-0.004,0.004,0.02,0.04
2.7280e-06,-0.004,0.004,0.02,0.08
2.7284e-06,-0.004,0.004,0.02,0.08
2.7288e-06,-0.004,0.004,0.02,0.08
2.7292e-06,0.004,-0.004,0.06,0.04
2.7296e-06,0.004,0.004,0.06,0.04
2.7300e-06,0.004,-0.004,0.1,0.04
2.7304e-06,0.004,0.004,0.06,0.04
2.7308e-06,0.004,-0.004,0.06,0.04
2.7312e-06,-0.004,-0.004,0.02,0.08
2.7316e-06,0.004,-0.004,0.06,0.08
2.7320e-06,-0.012,-0.004,0.06,0.04
2.7324e-06,-0.012,-0.004,0.06,0.04
2.7328e-06,-0.004,0.004,0.02,0.04
2.7332e-06,-0.004,-0.004,0.06,0.08
2.7336e-06,0.012,-0.004,0.06,0.04
2.7340e-06,0.004,-0.004,0.06,0.04
2.7344e-06,-0.004,0.004,0.06,0.08
2.7348e-06,-0.012,0.004,0.06,0
2.7352e-06,-0.004,0.004,0.02,0.08
2.7356e-06,-0.004,-0.004,0.02,0.08
2.7360e-06,-0.004,0.004,0.02,0.08
2.7364e-06,-0.004,0.004,0.06,0.04
2.7368e-06,-0.004,0.004,0.02,0.08
2.7372e-06,-0.004,-0.004,0.06,0.08
2.7376e-06,-0.004,-0.004,0.06,0.08
2.7380e-06,-0.004,-0.004,0.02,0.08
2.7384e-06,-0.004,-0.004,0.06,0.08
2.7388e-06,-0.004,0.004,0.06,0.08
2.7392e-06,-0.004,-0.004,0.06,0.08
2.7396e-06,-0.004,0.004,0.02,0.08
2.7400e-06,0.012,-0.004,-0.02,0.08
2.7404e-06,-0.004,-0.004,0.06,0.08
2.7408e-06,-0.004,-0.004,0.06,0.04
2.7412e-06,0.004,0.004,0.06,0.08
2.7416e-06,0.004,-0.004,0.06,0.08
2.7420e-06,-0.004,-0.004,0.06,0.08
2.7424e-06,-0.012,0.004,0.06,0.08
2.7428e-06,0.004,-0.004,0.1,0.12
2.7432e-06,0.012,0.004,0.02,0.08
2.7436e-06,-0.004,-0.004,0.02,0.08
2.7440e-06,-0.004,0.004,0.02,0.12
2.7444e-06,-0.004,-0.004,0.02,0.04
2.7448e-06,-0.004,-0.004,0.02,0.04
2.7452e-06,-0.004,-0.004,0.02,0.08
2.7456e-06,0.004,-0.004,0.06,0.08
2.7460e-06,-0.004,0.004,0.02,0.08
2.7464e-06,-0.004,-0.004,0.02,0.08
2.7468e-06,0.004,-0.004,0.02,0.04
2.7472e-06,0.004,-0.004,-0.02,0.08
2.7476e-06,0.004,0.004,0.06,0.08
2.7480e-06,0.004,0.004,0.02,0.08
2.7484e-06,-0.004,-0.012,0.02,0.04
2.7488e-06,-0.004,-0.012,0.06,0.08
2.7492e-06,-0.004,-0.02,0.1,0.08
2.7496e-06,0.004,-0.02,0.02,0.08
2.7500e-06,0.012,-0.02,0.06,0.08
2.7504e-06,-0.004,-0.028,0.06,0.08
2.7508e-06,0.004,-0.02,0.06,0.08
2.7512e-06,0.004,-0.012,0.06,0.08
2.7516e-06,0.004,-0.02,0.06,0.08
2.7520e-06,-0.004,-0.012,0.02,0.04
2.7524e-06,0.004,-0.012,0.02,0.08
2.7528e-06,0.004,-0.012,0.02,0.04
2.7532e-06,0.004,-0.004,0.02,0.08
2.7536e-06,-0.004,0.004,0.02,0.04
2.7540e-06,0.004,0.004,0.02,0.08
2.7544e-06,-0.004,-0.004,0.02,0.08
2.7548e-06,-0.004,-0.004,-0.02,0.04
2.7552e-06,0.004,0.004,0.06,0.04
2.7556e-06,-0.004,0.004,0.1,0.08
2.7560e-06,0.012,-0.004,0.1,0.04
2.7564e-06,-0.004,-0.004,0.06,0.08
2.7568e-06,-0.004,-0.004,0.02,0.04
2.7572e-06,-0.004,-0.004,0.06,0.08
2.7576e-06,0.004,-0.012,0.06,0.04
2.7580e-06,0.004,0.004,0.06,0.04
2.7584e-06,-0.004,-0.012,0.06,0.08
2.7588e-06,-0.004,-0.012,0.06,0.04
2.7592e-06,-0.004,-0.012,-0.02,0.04
2.7596e-06,0.004,-0.02,-0.02,0.04
2.7600e-06,-0.004,-0.012,0.06,0.08
2.7604e-06,-0.004,-0.02,0.02,0.04
2.7608e-06,0.004,-0.004,0.02,0.08
2.7612e-06,0.004,0.004,0.02,0.04
2.7616e-06,-0.004,-0.004,0.02,0.04
2.7620e-06,-0.004,-0.004,0.02,0.04
2.7624e-06,-0.004,-0.012,0.02,0.04
2.7628e-06,0.004,-0.004,0.02,0.04
2.7632e-06,0.004,-0.004,0.02,0.04
2.7636e-06,0.004,-0.004,0.02,0.04
2.7640e-06,-0.004,-0.004,-0.02,0.04
2.7644e-06,0.004,-0.004,0.1,0.04
2.7648e-06,-0.004,-0.012,0.1,0
2.7652e-06,0.004,-0.004,0.02,0.08
2.7656e-06,0.004,-0.004,0.02,0.08
2.7660e-06,0.004,-0.004,0.02,0.04
2.7664e-06,-0.004,0.004,0.02,0.08
2.7668e-06,-0.004,-0.004,0.02,0.08
2.7672e-06,0.004,0.004,0.06,0.08
2.7676e-06,0.004,-0.012,0.02,0.04
2.7680e-06,0.004,-0.004,0.02,0.04
2.7684e-06,-0.004,-0.004,0.02,0.08
2.7688e-06,-0.004,-0.004,0.02,0.08
2.7692e-06,-0.004,0.004,0.02,0.08
2.7696e-06,-0.004,-0.004,0.02,0.04
2.7700e-06,-0.004,0.004,-0.02,0.08
2.7704e-06,0.004,-0.004,0.02,0.12
2.7708e-06,-0.004,-0.004,0.02,0.08
2.7712e-06,0.004,0.004,0.02,0.04
2.7716e-06,-0.004,-0.004,0.06,0.08
2.7720e-06,0.004,0.004,0.06,0.08
2.7724e-06,-0.004,-0.004,0.02,0.04
2.7728e-06,0.004,-0.004,0.1,0.04
2.7732e-06,0.004,-0.004,0.06,0.04
2.7736e-06,-0.004,-0.004,0.1,0.04
2.7740e-06,-0.004,-0.004,0.06,0.04
2.7744e-06,-0.004,0.004,0.06,0.08
2.7748e-06,0.004,0.004,0.06,0.04
2.7752e-06,0.004,0.004,0.06,0.08
2.7756e-06,0.004,-0.004,0.06,0.08
2.7760e-06,-0.012,-0.004,0.02,0.04
2.7764e-06,-0.004,-0.004,0.06,0.04
2.7768e-06,-0.012,0.004,0.02,0.04
2.7772e-06,-0.012,-0.012,0.02,0.04
2.7776e-06,-0.012,0.004,0.02,0.08
2.7780e-06,-0.012,-0.004,0.06,0.08
2.7784e-06,-0.004,-0.004,0.1,0.04
2.7788e-06,-0.012,0.004,0.1,0.04
2.7792e-06,0.004,0.004,0.02,0.08
2.7796e-06,-0.004,0.004,0.02,0.04
2.7800e-06,0.004,0.004,0.06,0.04
2.7804e-06,0.004,0.012,-0.02,0.08
2.7808e-06,0.004,-0.012,0.02,0.08
2.7812e-06,-0.004,-0.012,0.06,0.08
2.7816e-06,-0.004,-0.004,0.06,0
2.7820e-06,-0.004,-0.004,0.06,0.08
2.7824e-06,-0.004,-0.004,0.06,0.04
2.7828e-06,0.004,-0.004,0.06,0.08
2.7832e-06,0.004,-0.004,0.02,0.08
2.7836e-06,-0.004,-0.004,0.02,0.08
2.7840e-06,-0.012,-0.004,0.02,0.08
2.7844e-06,-0.012,-0.004,-0.02,0.08
2.7848e-06,0.004,-0.004,-0.02,0.08
2.7852e-06,-0.004,-0.004,0.02,0.04
2.7856e-06,0.004,0.004,0.02,0.08
2.7860e-06,0.004,-0.004,0.02,0.08
2.7864e-06,0.004,-0.004,0.02,0.08
2.7868e-06,-0.004,0.004,0.02,0.08
2.7872e-06,0.004,-0.004,0.06,0.04
2.7876e-06,0.004,-0.004,0.02,0.04
2.7880e-06,0.004,-0.004,-0.02,0
2.7884e-06,0.004,-0.004,0.02,0.04
2.7888e-06,-0.004,-0.004,0.06,0.04
2.7892e-06,0.004,0.004,0.06,0.04
2.7896e-06,-0.004,-0.004,0.02,0.08
2.7900e-06,-0.004,0.004,0.02,0.08
2.7904e-06,0.004,0.004,0.02,0.08
2.7908e-06,-0.004,0.004,0.02,0.12
2.7912e-06,0.004,-0.004,-0.02,0.04
2.7916e-06,0.004,0.004,0.06,0
2.7920e-06,0.004,-0.004,0.02,0
2.7924e-06,-0.004,-0.004,-0.02,0.04
2.7928e-06,-0.004,-0.004,0.06,0.04
2.7932e-06,0.004,-0.012,0.02,0.04
2.7936e-06,-0.012,0.004,0.06,0.04
2.7940e-06,0.004,-0.004,0.02,0.08
2.7944e-06,-0.004,0.004,0.02,0.04
2.7948e-06,0.004,0.004,0.06,0.08
2.7952e-06,-0.004,-0.004,0.02,0.08
2.7956e-06,-0.004,0.004,0.06,0.08
2.7960e-06,0.004,0.004,0.06,0.04
2.7964e-06,0.004,0.004,0.06,0.04
2.7968e-06,-0.004,0.004,0.06,0.04
2.7972e-06,-0.004,-0.004,0.06,0.08
2.7976e-06,-0.004,-0.004,0.02,0.04
2.7980e-06,0.004,0.004,0.1,0.08
2.7984e-06,-0.004,-0.004,0.02,0.08
2.7988e-06,-0.004,-0.004,0.06,0.04
2.7992e-06,-0.004,-0.004,0.02,0.04
2.7996e-06,-0.004,-0.004,0.02,0.08
2.8000e-06,-0.004,-0.004,0.02,0.04
2.8004e-06,0.004,-0.012,0.02,0.08
2.8008e-06,0.004,-0.004,0.02,0.04
2.8012e-06,0.012,-0.004,0.02,0.08
2.8016e-06,-0.004,0.004,0.02,0.08
2.8020e-06,0.004,-0.004,0.02,0.08
2.8024e-06,0.004,-0.004,0.02,0.08
2.8028e-06,0.004,-0.004,0.02,0.08
2.8032e-06,-0.004,-0.012,0.02,0.04
2.8036e-06,-0.004,0.004,0.06,0.08
2.8040e-06,-0.004,-0.004,0.02,0.12
2.8044e-06,0.004,0.004,0.06,0.08
2.8048e-06,0.004,-0.012,0.06,0.12
2.8052e-06,-0.004,-0.004,-0.02,0.12
2.8056e-06,-0.004,-0.004,0.02,0.08
2.8060e-06,-0.004,-0.012,0.02,0.08
2.8064e-06,-0.004,-0.004,-0.02,0.04
2.8068e-06,-0.004,-0.004,0.02,0.04
2.8072e-06,-0.02,0.004,-0.02,0
2.8076e-06,-0.02,-0.012,0.06,0.08
2.8080e-06,-0.012,-0.004,0.02,0.08
2.8084e-06,-0.012,-0.004,0.02,0.08
2.8088e-06,-0.004,0.004,0.06,0.04
2.8092e-06,-0.012,0.004,0.06,0.04
2.8096e-06,-0.004,0.004,0.02,0.04
2.8100e-06,-0.012,-0.004,0.02,0.04
2.8104e-06,-0.004,0.004,0.02,0.08
2.8108e-06,0.004,-0.004,0.02,0.08
2.8112e-06,-0.004,0.004,0.02,0.04
2.8116e-06,-0.004,-0.004,0.06,0.04
2.8120e-06,-0.012,-0.004,0.02,0.04
2.8124e-06,0.004,-0.004,0.06,0.04
2.8128e-06,0.004,-0.004,0.02,0.04
2.8132e-06,-0.004,0.004,0.1,0.12
2.8136e-06,-0.004,-0.012,0.1,0.08
2.8140e-06,-0.004,-0.012,0.06,0.08
2.8144e-06,-0.004,-0.004,0.02,0.08
2.8148e-06,-0.004,-0.004,0.02,0.08
2.8152e-06,-0.004,-0.004,0.06,0.04
2.8156e-06,-0.004,-0.004,0.02,0.04
2.8160e-06,0.004,-0.012,0.02,0.08
2.8164e-06,-0.004,-0.004,0.06,0.08
2.8168e-06,-0.004,-0.004,0.06,0.08
2.8172e-06,-0.004,-0.004,0.06,0.08
2.8176e-06,-0.004,-0.004,0.06,0.08
2.8180e-06,-0.004,-0.004,0.06,0.08
2.8184e-06,0.004,-0.004,0.02,0.08
2.8188e-06,0.004,-0.012,0.02,0.04
2.8192e-06,-0.004,-0.004,0.02,0
2.8196e-06,0.004,-0.004,0.02,0.04
2.8200e-06,0.004,-0.004,0.1,0.08
2.8204e-06,0.004,0.004,0.02,0.08
2.8208e-06,0.004,0.004,0.02,0.08
2.8212e-06,0.004,-0.012,0.06,0.04
2.8216e-06,-0.004,-0.004,0.06,0.08
2.8220e-06,0.004,0.004,0.02,0.04
2.8224e-06,0.004,-0.004,0.02,0.08
2.8228e-06,-0.004,-0.012,0.06,0.08
2.8232e-06,0.004,-0.012,0.06,0.08
2.8236e-06,0.004,-0.004,0.06,0.04
2.8240e-06,0.004,-0.004,0.02,0.08
2.8244e-06,-0.004,-0.012,0.06,0.08
2.8248e-06,-0.004,-0.004,0.06,0.08
2.8252e-06,0.004,-0.012,0.1,0.04
2.8256e-06,-0.004,-0.012,0.06,0.08
2.8260e-06,-0.012,-0.012,0.02,0.08
2.8264e-06,0.004,-0.012,-0.02,0.04
2.8268e-06,-0.004,-0.004,0.02,0.08
2.8272e-06,-0.004,0.004,0.02,0.04
2.8276e-06,0.012,-0.004,0.02,0.04
2.8280e-06,0.004,-0.004,0.02,0.04
2.8284e-06,0.004,-0.012,0.02,0.04
2.8288e-06,-0.004,-0.004,0.02,0.04
2.8292e-06,0.004,-0.012,0.02,0.04
2.8296e-06,0.004,-0.004,0.02,0.08
2.8300e-06,0.004,0.012,0.02,0.04
2.8304e-06,-0.004,-0.004,0.02,0.08
2.8308e-06,-0.004,-0.004,0.02,0.12
2.8312e-06,0.004,0.004,-0.02,0.08
2.8316e-06,0.004,-0.004,0.02,0.08
2.8320e-06,-0.004,0.004,-0.02,0.08
2.8324e-06,-0.004,-0.004,0.02,0.08
2.8328e-06,-0.004,-0.004,0.02,0.04
2.8332e-06,-0.004,-0.004,0.06,0.04
2.8336e-06,0.004,-0.004,0.02,0.04
2.8340e-06,0.012,-0.004,0.02,0.04
2.8344e-06,-0.004,-0.004,0.06,0.04
2.8348e-06,-0.004,-0.004,0.02,0.08
2.8352e-06,-0.012,-0.004,0.02,0.04
2.8356e-06,-0.012,-0.012,-0.02,0.04
2.8360e-06,-0.004,-0.004,-0.02,0.08
2.8364e-06,-0.012,-0.004,0.06,0.08
2.8368e-06,-0.004,-0.004,0.02,0.04
2.8372e-06,-0.012,-0.004,0.02,0.08
2.8376e-06,-0.012,-0.004,0.06,0.04
2.8380e-06,-0.012,-0.004,0.06,0.08
2.8384e-06,-0.004,-0.004,0.02,0.08
2.8388e-06,-0.012,0.004,0.02,0.08
2.8392e-06,-0.004,-0.012,0.06,0.12
2.8396e-06,-0.004,-0.004,0.06,0.04
2.8400e-06,-0.004,-0.004,0.02,0.12
2.8404e-06,-0.004,0.004,0.02,0.08
2.8408e-06,0.004,-0.004,0.02,0.04
2.8412e-06,-0.004,-0.012,0.1,0.08
2.8416e-06,-0.004,-0.004,0.02,0.08
2.8420e-06,-0.004,-0.004,0.06,0.08
2.8424e-06,-0.004,-0.004,0.06,0.08
2.8428e-06,0.004,0.004,0.06,0.04
2.8432e-06,-0.004,-0.004,0.06,0.08
2.8436e-06,-0.004,-0.004,0.02,0.08
2.8440e-06,-0.012,-0.012,0.02,0.04
2.8444e-06,-0.012,-0.004,0.06,0.08
2.8448e-06,-0.004,-0.004,0.06,0.08
2.8452e-06,-0.004,-0.004,0.06,0.08
2.8456e-06,0.004,-0.004,0.02,0.08
2.8460e-06,0.004,-0.004,0.06,0.08
2.8464e-06,0.004,-0.004,0.06,0.08
2.8468e-06,-0.004,-0.004,0.02,0.04
2.8472e-06,-0.004,-0.012,0.06,0.12
2.8476e-06,0.004,-0.004,0.02,0.08
2.8480e-06,0.004,-0.004,0.02,0.04
2.8484e-06,0.012,-0.004,0.02,0.08
2.8488e-06,-0.004,0.004,0.02,0.08
2.8492e-06,-0.004,-0.004,0.06,0.04
2.8496e-06,-0.004,-0.004,0.02,0.04
2.8500e-06,0.004,0.004,0.02,0.08
2.8504e-06,0.004,-0.004,0.02,0.08
2.8508e-06,0.004,-0.004,0.02,0.08
2.8512e-06,0.004,-0.004,0.06,0.04
2.8516e-06,-0.004,0.004,0.02,0.08
2.8520e-06,0.004,0.004,0.02,0.08
2.8524e-06,-0.004,-0.004,0.02,0.08
2.8528e-06,0.004,-0.004,0.06,0.04
2.8532e-06,-0.012,-0.004,0.02,0.04
2.8536e-06,-0.004,0.004,0.02,0.08
2.8540e-06,0.004,0.004,0.06,0.04
2.8544e-06,-0.004,-0.004,0.06,0.04
2.8548e-06,0.004,-0.004,0.02,0.08
2.8552e-06,0.004,-0.004,0.06,0.04
2.8556e-06,0.004,-0.004,0.02,0.08
2.8560e-06,-0.004,0.004,0.06,0.08
2.8564e-06,0.004,0.004,0.02,0.08
2.8568e-06,-0.004,0.004,0.06,0.08
2.8572e-06,-0.004,0.004,0.02,0.08
2.8576e-06,-0.004,-0.004,0.02,0.08
2.8580e-06,0.004,-0.004,0.02,0.08
2.8584e-06,-0.004,0.004,0.02,0.04
2.8588e-06,0.012,-0.004,0.02,0.04
2.8592e-06,0.004,-0.004,0.02,0.04
2.8596e-06,0.004,-0.004,-0.02,0
2.8600e-06,0.004,0.004,0.02,0.04
2.8604e-06,0.004,-0.004,-0.02,0.08
2.8608e-06,-0.004,0.004,0.02,0.08
2.8612e-06,-0.004,0.004,0.02,0.04
2.8616e-06,0.004,-0.004,0.02,0.08
2.8620e-06,-0.004,0.004,0.02,0.08
2.8624e-06,-0.012,-0.004,0.02,0.08
2.8628e-06,-0.004,-0.004,-0.02,0.04
2.8632e-06,-0.012,-0.004,0.06,0.04
2.8636e-06,-0.012,0.004,0.1,0.08
2.8640e-06,-0.02,-0.004,0.02,0.08
2.8644e-06,-0.012,-0.004,0.02,0.08
2.8648e-06,-0.02,-0.004,0.02,0.08
2.8652e-06,-0.012,0.004,0.1,0.08
2.8656e-06,-0.012,0.004,0.02,0.04
2.8660e-06,-0.004,-0.004,0.02,0.04
2.8664e-06,-0.012,-0.004,0.02,0.08
2.8668e-06,-0.012,-0.012,0.02,0.04
2.8672e-06,-0.004,-0.004,0.02,0.04
2.8676e-06,-0.012,-0.004,0.02,0.08
2.8680e-06,-0.012,-0.004,-0.02,0.04
2.8684e-06,-0.012,-0.004,0.02,0.08
2.8688e-06,-0.012,-0.004,0.06,0.08
2.8692e-06,-0.004,-0.004,0.06,0.04
2.8696e-06,0.004,-0.004,0.02,0.08
2.8700e-06,-0.012,-0.004,0.02,0.08
2.8704e-06,-0.004,0.004,0.02,0.04
2.8708e-06,0.004,-0.004,0.02,0.08
2.8712e-06,-0.012,0.004,0.02,0.08
2.8716e-06,0.012,-0.004,0.02,0.04
2.8720e-06,-0.004,-0.004,-0.02,0.08
2.8724e-06,0.004,0.004,-0.02,0.08
2.8728e-06,-0.004,0.004,-0.02,0.08
2.8732e-06,0.004,-0.004,0.06,0.04
2.8736e-06,0.004,0.004,0.06,0.08
2.8740e-06,-0.004,0.004,0.06,0.08
2.8744e-06,0.004,-0.004,0.06,0.12
2.8748e-06,-0.004,-0.004,0.02,0.04
2.8752e-06,0.004,0.004,0.02,0.04
2.8756e-06,0.004,0.004,0.02,0.12
2.8760e-06,-0.004,-0.004,0.02,0.08
2.8764e-06,-0.012,0.004,0.02,0.08
2.8768e-06,-0.004,-0.004,0.06,0.12
2.8772e-06,-0.004,0.004,0.06,0.08
2.8776e-06,0.004,-0.004,0.06,0.08
2.8780e-06,0.004,-0.004,0.06,0.08
2.8784e-06,-0.004,-0.004,0.02,0.08
2.8788e-06,-0.004,-0.004,0.06,0.04
2.8792e-06,-0.004,0.004,0.06,0.04
2.8796e-06,0.004,-0.004,0.06,0.08
2.8800e-06,0.004,0.004,0.02,0.08
2.8804e-06,0.004,-0.004,0.02,0.08
2.8808e-06,0.004,-0.004,0.02,0.08
2.8812e-06,0.004,-0.004,0.02,0.08
2.8816e-06,-0.004,-0.004,0.02,0.08
2.8820e-06,0.004,0.004,-0.02,0.08
2.8824e-06,0.004,0.004,0.02,0.04
2.8828e-06,0.004,0.012,0.06,0.04
2.8832e-06,0.004,-0.004,0.02,0.08
2.8836e-06,-0.004,-0.004,0.1,0.08
2.8840e-06,-0.004,0.004,0.02,0.08
2.8844e-06,0.004,0.004,0.02,0.08
2.8848e-06,0.004,0.004,0.02,0.04
2.8852e-06,0.004,-0.004,0.02,0.04
2.8856e-06,-0.004,-0.004,0.02,0.08
2.8860e-06,0.012,0.004,0.02,0.08
2.8864e-06,0.004,0.004,0.02,0.04
2.8868e-06,-0.004,-0.004,0.02,0.04
2.8872e-06,-0.004,-0.004,0.02,0.04
2.8876e-06,0.004,-0.004,0.06,0.04
2.8880e-06,-0.004,-0.004,0.06,0
2.8884e-06,-0.004,-0.004,0.02,0
2.8888e-06,0.004,-0.004,0.02,0
2.8892e-06,-0.004,-0.004,0.02,0.04
2.8896e-06,-0.004,-0.004,0.06,0.08
2.8900e-06,-0.004,0.004,-0.02,0.04
2.8904e-06,-0.004,-0.012,0.02,0.04
2.8908e-06,-0.012,0.004,0.06,0.08
2.8912e-06,-0.004,0.004,0.02,0.04
2.8916e-06,-0.004,-0.012,0.06,0.08
2.8920e-06,-0.004,-0.004,0.06,0.08
2.8924e-06,0.004,0.004,0.02,0.08
2.8928e-06,0.004,-0.004,0.06,0.04
2.8932e-06,0.004,0.004,0.06,0
2.8936e-06,0.004,0.004,0.06,0
2.8940e-06,0.004,-0.004,0.06,0.04
2.8944e-06,-0.004,-0.004,0.06,0.08
2.8948e-06,-0.004,0.012,0.1,0.08
2.8952e-06,0.004,-0.004,0.06,0.08
2.8956e-06,-0.004,0.004,0.02,0.04
2.8960e-06,-0.004,-0.004,0.06,0.12
2.8964e-06,0.004,-0.004,0.06,0.08
2.8968e-06,0.004,-0.004,0.02,0.08
2.8972e-06,0.004,-0.004,0.06,0.04
2.8976e-06,0.004,-0.004,0.02,0.04
2.8980e-06,-0.004,0.004,0.02,0.04
2.8984e-06,-0.004,-0.004,0.02,0.04
2.8988e-06,0.004,-0.004,0.06,0.08
2.8992e-06,-0.004,0.004,-0.02,0.08
2.8996e-06,-0.004,-0.004,0.06,0.08
2.9000e-06,-0.012,0.004,0.06,0.08
2.9004e-06,0.004,0.004,0.06,0.04
2.9008e-06,-0.004,-0.004,0.02,0.12
2.9012e-06,0.004,-0.004,0.06,0.08
2.9016e-06,-0.012,-0.004,-0.02,0.08
2.9020e-06,-0.004,-0.004,0.02,0.08
2.9024e-06,0.004,-0.004,0.02,0.08
2.9028e-06,0.012,-0.004,0.06,0.08
2.9032e-06,-0.004,-0.004,0.06,0.08
2.9036e-06,0.004,-0.004,0.02,0.04
2.9040e-06,-0.012,0.004,0.02,0.08
2.9044e-06,-0.004,-0.004,0.02,0.08
2.9048e-06,0.012,0.004,-0.02,0.04
2.9052e-06,0.004,0.004,0.06,0.04
2.9056e-06,-0.004,-0.004,0.02,0.04
2.9060e-06,0.004,-0.004,0.1,0.08
2.9064e-06,-0.004,-0.004,0.02,0.08
2.9068e-06,0.004,-0.004,0.02,0.08
2.9072e-06,-0.004,-0.004,0.06,0.04
2.9076e-06,0.004,-0.004,0.02,0.04
2.9080e-06,0.012,-0.004,-0.02,0.04
2.9084e-06,-0.004,-0.004,0.06,0.04
2.9088e-06,-0.004,-0.004,0.02,0.12
2.9092e-06,0.004,0.004,-0.02,0.08
2.9096e-06,-0.004,-0.004,0.02,0.08
2.9100e-06,0.004,0.004,0.02,0.08
2.9104e-06,-0.004,-0.004,0.02,0.08
2.9108e-06,-0.012,-0.004,0.02,0.04
2.9112e-06,-0.004,-0.004,0.06,0.08
2.9116e-06,0.004,0.004,0.02,0.12
2.9120e-06,-0.004,-0.004,0.02,0.08
2.9124e-06,0.004,-0.004,0.02,0.08
2.9128e-06,0.004,-0.004,0.02,0
2.9132e-06,0.004,0.004,0.02,0.04
2.9136e-06,-0.004,0.004,0.02,0.08
2.9140e-06,-0.004,-0.004,0.02,0.04
2.9144e-06,-0.004,-0.012,-0.02,0.04
2.9148e-06,0.004,0.004,0.02,0.08
2.9152e-06,0.004,0.004,0.02,0
2.9156e-06,-0.004,0.004,0.02,0.04
2.9160e-06,0.004,0.004,-0.02,0.04
2.9164e-06,-0.004,0.004,0.02,0.04
2.9168e-06,0.004,0.004,0.02,0.08
2.9172e-06,0.004,-0.004,0.06,0
2.9176e-06,-0.004,0.004,0.02,0.04
2.9180e-06,0.004,-0.004,-0.02,0.04
2.9184e-06,-0.004,-0.004,0.02,0.04
2.9188e-06,0.004,-0.004,0.06,0.08
2.9192e-06,0.004,0.004,0.06,0.08
2.9196e-06,0.004,-0.004,0.06,0.04
2.9200e-06,-0.004,0.004,0.06,0.08
2.9204e-06,0.004,-0.012,0.02,0.04
2.9208e-06,-0.004,-0.004,0.02,0.04
2.9212e-06,-0.012,0.004,-0.02,0.04
2.9216e-06,-0.012,-0.004,0.02,0.04
2.9220e-06,-0.02,-0.004,0.02,0.08
2.9224e-06,-0.02,-0.004,-0.02,0.12
2.9228e-06,-0.012,0.004,0.02,0.08
2.9232e-06,-0.02,0.004,0.06,0.04
2.9236e-06,-0.02,-0.012,0.02,0.04
2.9240e-06,-0.012,-0.012,0.06,0.04
2.9244e-06,-0.004,0.004,0.02,0.04
2.9248e-06,0.004,0.004,0.02,0.08
2.9252e-06,0.004,-0.004,0.02,0.08
2.9256e-06,-0.004,-0.004,0.06,0.08
2.9260e-06,0.004,-0.004,0.02,0.08
2.9264e-06,-0.012,-0.004,0.02,0.04
2.9268e-06,-0.004,0.004,0.02,0.04
2.9272e-06,-0.004,0.004,0.02,0.04
2.9276e-06,-0.004,0.004,0.06,0.04
2.9280e-06,0.004,0.004,0.02,0.08
2.9284e-06,-0.004,0.004,0.06,0.04
2.9288e-06,-0.004,-0.012,0.1,0
2.9292e-06,0.004,-0.004,0.02,0.08
2.9296e-06,0.012,0.004,0.02,0.08
2.9300e-06,0.004,-0.004,0.02,0.12
2.9304e-06,0.004,0.004,0.06,0.04
2.9308e-06,-0.012,-0.004,0.02,0.08
2.9312e-06,0.004,0.004,0.02,0.08
2.9316e-06,-0.004,0.004,0.02,0.08
2.9320e-06,0.012,-0.004,0.02,0.08
2.9324e-06,-0.004,0.004,0.06,0.08
2.9328e-06,-0.004,0.004,0.02,0.04
2.9332e-06,-0.004,0.004,0.06,0
2.9336e-06,0.004,0.004,0.06,0.04
2.9340e-06,0.004,-0.004,0.06,0.08
2.9344e-06,0.004,-0.004,0.06,0.08
2.9348e-06,-0.004,0.004,0.06,0.08
2.9352e-06,-0.004,0.004,0.06,0.04
2.9356e-06,0.004,0.004,0.06,0.08
2.9360e-06,-0.004,0.004,0.02,0.08
2.9364e-06,-0.004,-0.004,0.02,0.08
2.9368e-06,-0.012,0.004,0.02,0.08
2.9372e-06,0.004,0.004,0.02,0.04
2.9376e-06,0.004,-0.004,0.06,0.04
2.9380e-06,0.012,0.004,0.06,0.08
2.9384e-06,0.004,0.004,0.06,0.08
2.9388e-06,0.004,-0.004,0.02,0.08
2.9392e-06,0.004,0.012,0.02,0.08
2.9396e-06,-0.004,-0.004,0.02,0.08
2.9400e-06,0.004,-0.004,0.02,0.08
2.9404e-06,0.004,-0.004,0.02,0.08
2.9408e-06,-0.004,0.004,0.02,0.08
2.9412e-06,-0.004,-0.004,0.06,0.04
2.9416e-06,0.004,-0.004,0.02,0.04
2.9420e-06,0.004,0.004,0.06,0.04
2.9424e-06,-0.012,-0.012,0.06,0.08
2.9428e-06,0.004,-0.012,0.02,0.08
2.9432e-06,0.004,-0.004,0.02,0.08
2.9436e-06,-0.004,-0.004,0.02,0.08
2.9440e-06,-0.004,0.004,0.02,0.12
2.9444e-06,-0.004,0.004,0.02,0.08
2.9448e-06,0.004,0.004,0.06,0.08
2.9452e-06,0.004,0.004,-0.02,0.04
2.9456e-06,0.004,0.004,-0.02,0.04
2.9460e-06,-0.004,-0.004,0.02,0.08
2.9464e-06,0.004,0.004,0.02,0.04
2.9468e-06,-0.004,-0.004,0.06,0.04
2.9472e-06,0.004,-0.004,-0.02,0.08
2.9476e-06,0.004,-0.004,0.02,0.08
2.9480e-06,0.004,0.004,-0.06,0.04
2.9484e-06,0.004,0.004,0.02,0.08
2.9488e-06,-0.004,0.004,0.02,0.08
2.9492e-06,0.004,0.004,0.02,0.04
2.9496e-06,-0.004,-0.004,0.06,0.08
2.9500e-06,-0.004,-0.004,0.06,0.08
2.9504e-06,0.004,-0.012,0.02,0.08
2.9508e-06,-0.004,-0.004,0.02,0.12
2.9512e-06,0.004,-0.004,0.02,0.08
2.9516e-06,-0.004,0.004,0.06,0.08
2.9520e-06,0.004,0.004,0.02,0.08
2.9524e-06,-0.004,0.004,0.02,0.04
2.9528e-06,0.004,0.004,0.02,0
2.9532e-06,0.004,0.004,0.02,0.04
2.9536e-06,-0.004,-0.004,0.02,0.08
2.9540e-06,-0.004,-0.004,0.02,0.04
2.9544e-06,-0.004,0.004,0.06,0.04
2.9548e-06,-0.004,-0.004,0.02,0.04
2.9552e-06,0.004,-0.004,0.06,0.08
2.9556e-06,-0.012,-0.004,0.1,0.08
2.9560e-06,-0.004,0.004,-0.02,0.04
2.9564e-06,-0.004,-0.004,0.06,0.04
2.9568e-06,0.004,0.004,-0.02,0.04
2.9572e-06,0.004,-0.004,0.02,0.04
2.9576e-06,-0.004,-0.004,-0.02,0.08
2.9580e-06,0.004,-0.004,0.02,0.04
2.9584e-06,0.004,-0.004,0.02,0.08
2.9588e-06,-0.004,-0.004,0.02,0.04
2.9592e-06,0.004,-0.004,0.02,0.08
2.9596e-06,-0.004,-0.004,0.02,0.08
2.9600e-06,-0.004,0.004,0.06,0.04
2.9604e-06,-0.012,-0.004,0.02,0.08
2.9608e-06,-0.012,-0.012,0.02,0.04
2.9612e-06,-0.012,-0.004,0.1,0
2.9616e-06,-0.012,-0.004,0.06,0.08
2.9620e-06,-0.012,0.004,0.02,0.04
2.9624e-06,-0.012,-0.004,0.1,0.04
2.9628e-06,-0.012,0.004,0.02,0.12
2.9632e-06,-0.004,-0.004,0.06,0.04
2.9636e-06,0.004,0.004,0.02,0.08
2.9640e-06,-0.004,-0.004,0.02,0.04
2.9644e-06,-0.004,0.004,0.02,0.08
2.9648e-06,-0.012,-0.004,0.02,0.08
2.9652e-06,-0.012,0.004,0.02,0.04
2.9656e-06,-0.004,0.004,0.1,0.04
2.9660e-06,-0.02,0.004,0.02,0.08
2.9664e-06,-0.004,-0.004,0.06,0.08
2.9668e-06,-0.004,-0.004,0.06,0.08
2.9672e-06,-0.004,0.004,0.06,0.08
2.9676e-06,-0.004,0.004,0.02,0.04
2.9680e-06,-0.004,0.004,0.06,0.08
2.9684e-06,-0.012,0.004,0.06,0.08
2.9688e-06,-0.004,-0.004,0.06,0.12
2.9692e-06,-0.004,-0.004,0.02,0.08
2.9696e-06,0.004,0.004,0.02,0.08
2.9700e-06,0.004,-0.004,0.06,0.08
2.9704e-06,-0.004,-0.004,0.06,0.04
2.9708e-06,-0.004,0.004,0.02,0.12
2.9712e-06,-0.004,0.004,0.02,0.04
2.9716e-06,-0.012,0.004,0.02,0.08
2.9720e-06,-0.004,-0.004,-0.02,0.08
2.9724e-06,0.004,0.004,0.06,0.04
2.9728e-06,-0.004,-0.004,0.06,0.08
2.9732e-06,-0.004,-0.012,0.02,0.04
2.9736e-06,0.004,0.004,0.06,0.08
2.9740e-06,-0.004,-0.004,0.06,0.08
2.9744e-06,-0.004,-0.004,0.02,0.04
2.9748e-06,-0.004,0.004,0.02,0.04
2.9752e-06,-0.004,-0.004,0.02,0.04
2.9756e-06,-0.004,-0.004,0.02,0.04
2.9760e-06,-0.012,0.004,0.02,0.04
2.9764e-06,-0.004,0.004,0.02,0.08
2.9768e-06,0.004,0.004,0.02,0.08
2.9772e-06,-0.004,-0.004,-0.02,0.08
2.9776e-06,0.004,0.004,0.02,0.08
2.9780e-06,0.004,-0.004,0.06,0.04
2.9784e-06,0.004,-0.004,0.02,0.04
2.9788e-06,0.004,0.012,0.02,0.04
2.9792e-06,-0.004,-0.004,0.02,0.08
2.9796e-06,-0.004,0.004,0.02,0.08
2.9800e-06,-0.004,-0.004,0.02,0.08
2.9804e-06,-0.004,-0.004,0.02,0.08
2.9808e-06,-0.004,0.004,0.06,0.08
2.9812e-06,0.004,0.004,0.02,0.08
2.9816e-06,0.004,0.004,0.02,0.08
2.9820e-06,-0.004,-0.004,0.06,0.08
2.9824e-06,-0.004,0.004,-0.02,0.04
2.9828e-06,-0.004,-0.012,0.02,0.04
2.9832e-06,-0.004,-0.012,0.02,0.04
2.9836e-06,-0.004,-0.012,0.02,0.08
2.9840e-06,0.004,0.004,0.06,0.04
2.9844e-06,0.004,-0.004,0.06,0.08
2.9848e-06,-0.012,0.004,0.02,0.08
2.9852e-06,-0.004,-0.004,0.02,0.04
2.9856e-06,-0.004,0.004,-0.02,0.08
2.9860e-06,-0.004,0.004,-0.02,0.08
2.9864e-06,0.004,0.004,0.02,0.08
2.9868e-06,0.004,-0.004,-0.02,0.08
2.9872e-06,0.004,-0.004,0.02,0.04
2.9876e-06,0.012,-0.012,0.1,0
2.9880e-06,-0.004,0.004,0.06,0.04
2.9884e-06,-0.004,-0.004,0.02,0.08
2.9888e-06,0.004,-0.004,0.02,0.12
2.9892e-06,-0.004,-0.004,0.02,0.04
2.9896e-06,-0.004,0.004,-0.02,0
2.9900e-06,0.004,-0.004,-0.02,0.08
2.9904e-06,-0.004,-0.012,-0.02,0.04
2.9908e-06,-0.004,0.004,0.02,0.08
2.9912e-06,-0.004,-0.004,0.06,0.08
2.9916e-06,-0.004,0.004,0.06,0.04
2.9920e-06,0.012,0.004,0.06,0.04
2.9924e-06,-0.004,0.004,0.02,0.08
2.9928e-06,0.004,0.004,0.06,0.08
2.9932e-06,-0.004,-0.004,0.02,0.08
2.9936e-06,0.004,0.004,0.06,0.08
2.9940e-06,0.004,-0.004,0.02,0
2.9944e-06,-0.004,0.004,0.06,0.04
2.9948e-06,-0.004,-0.004,0.02,0.08
2.9952e-06,-0.004,0.004,0.06,0.08
2.9956e-06,0.004,-0.004,0.02,0.04
2.9960e-06,-0.004,-0.004,0.02,0.04
2.9964e-06,-0.004,-0.004,0.02,0.04
2.9968e-06,-0.012,0.004,0.02,0
2.9972e-06,0.004,0.004,0.02,0.04
2.9976e-06,-0.004,-0.004,0.02,0.04
2.9980e-06,0.004,-0.004,0.06,0.04
2.9984e-06,-0.004,-0.004,0.06,0.12
2.9988e-06,-0.004,-0.004,0.02,0.08
2.9992e-06,-0.004,0.004,0.02,0.08
2.9996e-06,-0.004,0.004,0.1,0.08
3.0000e-06,-0.004,-0.004,0.06,0.08
3.0004e-06,0.004,-0.004,0.02,0.04
3.0008e-06,-0.004,0.004,0.02,0.08
3.0012e-06,0.004,-0.004,-0.02,0.08
3.0016e-06,-0.004,-0.012,0.02,0.04
3.0020e-06,0.004,-0.004,0.06,0.04
3.0024e-06,-0.004,-0.004,0.06,0.08
3.0028e-06,-0.012,0.004,0.06,0.08
3.0032e-06,-0.004,-0.012,0.02,0.12
3.0036e-06,-0.004,0.004,0.06,0.08
3.0040e-06,-0.004,0.004,0.02,0.08
3.0044e-06,-0.004,-0.004,-0.02,0.08
3.0048e-06,0.004,0.004,0.02,0.08
3.0052e-06,0.004,-0.004,0.06,0.04
3.0056e-06,-0.004,-0.004,0.1,0.04
3.0060e-06,-0.004,-0.004,0.06,0.04
3.0064e-06,-0.004,0.004,0.02,0
3.0068e-06,0.012,-0.012,0.02,0.04
3.0072e-06,-0.004,-0.012,0.02,0.08
3.0076e-06,0.004,-0.004,0.02,0.08
3.0080e-06,-0.012,0.004,0.02,0.08
3.0084e-06,0.004,-0.012,0.02,0.08
3.0088e-06,-0.004,0.004,0.02,0.04
3.0092e-06,-0.004,-0.004,0.02,0.04
3.0096e-06,-0.012,0.004,0.02,0.04
3.0100e-06,-0.004,-0.004,0.06,0.08
3.0104e-06,0.004,0.004,0.06,0.08
3.0108e-06,0.012,0.004,-0.02,0.04
3.0112e-06,-0.004,-0.004,0.02,0.04
3.0116e-06,0.004,0.004,0.06,0.08
3.0120e-06,0.004,0.004,0.06,0.08
3.0124e-06,-0.004,-0.004,0.1,0.08
3.0128e-06,-0.004,0.004,0.06,0.08
3.0132e-06,-0.004,0.004,0.1,0.04
3.0136e-06,0.004,-0.004,-0.02,0.04
3.0140e-06,0.004,-0.004,0.02,0.04
3.0144e-06,-0.004,-0.004,0.02,0.08
3.0148e-06,0.004,-0.004,-0.02,0.04
3.0152e-06,0.004,0.004,0.02,0.08
3.0156e-06,0.004,-0.012,0.02,0.04
3.0160e-06,-0.004,-0.004,0.02,0.08
3.0164e-06,-0.012,-0.004,-0.02,0.04
3.0168e-06,0.004,0.004,0.02,0.08
3.0172e-06,0.004,-0.004,0.02,0.04
3.0176e-06,-0.004,0.004,0.02,0.08
3.0180e-06,-0.004,-0.004,-0.02,0.08
3.0184e-06,-0.012,-0.004,0.06,0
3.0188e-06,-0.004,0.004,0.02,0.08
3.0192e-06,-0.012,-0.004,0.02,0.04
3.0196e-06,-0.012,0.004,0.06,0.08
3.0200e-06,-0.004,-0.004,0.02,0.04
3.0204e-06,-0.012,0.004,0.06,0.08
3.0208e-06,-0.004,-0.004,0.02,0.08
3.0212e-06,-0.012,0.004,0.06,0.04
3.0216e-06,-0.004,-0.004,0.1,0.04
3.0220e-06,0.004,0.004,0.02,0.04
3.0224e-06,-0.012,-0.004,0.02,0.04
3.0228e-06,-0.004,-0.004,0.02,0.04
3.0232e-06,0.004,-0.004,-0.02,0.04
3.0236e-06,0.004,0.004,-0.02,0.04
3.0240e-06,-0.004,-0.004,0.02,0.08
3.0244e-06,-0.004,0.004,0.02,0.04
3.0248e-06,-0.004,0.004,0.02,0.08
3.0252e-06,0.004,-0.004,0.02,0.08
3.0256e-06,0.004,0.004,0.02,0.08
3.0260e-06,-0.004,-0.004,0.02,0.08
3.0264e-06,-0.004,0.004,0.06,0.04
3.0268e-06,0.004,-0.004,0.02,0.08
3.0272e-06,-0.004,-0.004,-0.02,0.08
3.0276e-06,-0.004,-0.004,0.02,0.04
3.0280e-06,-0.004,-0.004,0.02,0.04
3.0284e-06,-0.012,0.004,0.06,0.08
3.0288e-06,-0.004,-0.004,0.1,0.08
3.0292e-06,-0.012,0.004,0.02,0.08
3.0296e-06,-0.012,-0.004,0.02,0.04
3.0300e-06,-0.004,-0.004,0.02,0.04
3.0304e-06,0.004,-0.004,0.02,0.08
3.0308e-06,0.004,0.004,-0.02,0.08
3.0312e-06,0.004,-0.004,0.06,0.08
3.0316e-06,-0.004,-0.004,0.06,0.08
3.0320e-06,-0.004,0.004,0.06,0.08
3.0324e-06,0.004,0.004,0.02,0.08
3.0328e-06,0.004,0.004,-0.02,0.08
3.0332e-06,-0.012,-0.004,0.02,0.08
3.0336e-06,-0.012,0.004,0.06,0.04
3.0340e-06,0.004,-0.004,0.02,0.08
3.0344e-06,0.004,-0.004,0.02,0.08
3.0348e-06,0.004,0.004,0.02,0.04
3.0352e-06,0.004,-0.004,-0.02,0.08
3.0356e-06,-0.004,-0.004,0.1,0.04
3.0360e-06,0.004,-0.004,0.06,0.12
3.0364e-06,0.004,-0.004,0.02,0.08
3.0368e-06,0.012,-0.012,0.02,0.08
3.0372e-06,0.004,-0.004,0.02,0.04
3.0376e-06,0.004,0.004,0.02,0.04
3.0380e-06,-0.004,-0.004,0.02,0.04
3.0384e-06,0.004,-0.004,0.06,0.08
3.0388e-06,-0.012,0.004,0.06,0.08
3.0392e-06,0.004,-0.012,0.02,0.12
3.0396e-06,0.004,-0.004,-0.02,0.08
3.0400e-06,0.004,-0.012,0.02,0
3.0404e-06,0.004,-0.012,-0.02,0
3.0408e-06,0.004,-0.012,0.06,0.08
3.0412e-06,0.004,-0.012,0.02,0.08
3.0416e-06,-0.004,-0.012,0.02,0.08
3.0420e-06,0.004,-0.012,-0.02,0.04
3.0424e-06,0.012,-0.004,0.02,0.04
3.0428e-06,-0.004,-0.004,0.02,0.04
3.0432e-06,0.004,-0.004,0.02,0.04
3.0436e-06,-0.012,-0.012,-0.02,0.04
3.0440e-06,-0.004,-0.004,-0.02,0.08
3.0444e-06,-0.004,-0.004,0.02,0.04
3.0448e-06,0.004,-0.012,0.02,0.04
3.0452e-06,-0.004,-0.004,0.02,0.08
3.0456e-06,-0.012,0.004,0.02,0.08
3.0460e-06,-0.004,0.004,0.06,0.04
3.0464e-06,-0.004,-0.004,0.02,0.04
3.0468e-06,-0.004,-0.012,0.02,0.04
3.0472e-06,-0.004,-0.004,0.06,0.08
3.0476e-06,-0.004,0.004,0.1,0.08
3.0480e-06,0.004,-0.004,0.1,0.04
3.0484e-06,0.004,0.004,0.06,0.08
3.0488e-06,0.004,0.004,0.02,0.12
3.0492e-06,0.004,-0.004,0.02,0.08
3.0496e-06,-0.004,-0.004,0.02,0.04
3.0500e-06,-0.004,0.004,0.02,0
3.0504e-06,-0.004,0.004,0.02,0.04
3.0508e-06,0.004,0.004,0.02,0.08
3.0512e-06,-0.004,0.004,0.02,0.08
3.0516e-06,-0.004,0.004,0.02,0.04
3.0520e-06,-0.004,0.004,0.02,0.08
3.0524e-06,-0.004,-0.004,0.02,0.08
3.0528e-06,-0.012,-0.004,0.06,0.08
3.0532e-06,0.004,0.004,0.02,0.08
3.0536e-06,0.004,-0.004,0.02,0.04
3.0540e-06,-0.004,-0.004,0.06,0.04
3.0544e-06,0.004,0.004,0.02,0.08
3.0548e-06,0.004,0.004,0.02,0.04
3.0552e-06,-0.004,-0.004,0.02,0.08
3.0556e-06,0.004,-0.012,0.02,0.04
3.0560e-06,-0.004,0.004,0.02,0.04
3.0564e-06,-0.004,0.004,0.02,0.04
3.0568e-06,-0.004,0.004,0.02,0.08
3.0572e-06,-0.004,-0.004,0.02,0.08
3.0576e-06,-0.004,0.004,0.02,0.08
3.0580e-06,-0.004,-0.004,0.02,0.04
3.0584e-06,-0.004,-0.004,0.02,0.04
3.0588e-06,-0.004,0.004,-0.02,0.04
3.0592e-06,-0.004,-0.004,-0.02,0.08
3.0596e-06,-0.004,0.004,0.02,0.08
3.0600e-06,0.004,0.004,0.02,0.04
3.0604e-06,0.004,-0.004,0.02,0.08
3.0608e-06,-0.004,-0.004,0.02,0.04
3.0612e-06,0.004,-0.004,0.02,0.04
3.0616e-06,-0.004,-0.004,0.02,0.08
3.0620e-06,-0.004,-0.004,0.02,0.08
3.0624e-06,0.004,-0.012,0.02,0.08
3.0628e-06,-0.004,-0.012,0.06,0.12
3.0632e-06,0.004,-0.012,0.06,0.04
3.0636e-06,0.012,-0.02,0.06,0.08
3.0640e-06,-0.004,-0.02,0.02,0.08
3.0644e-06,0.004,-0.004,0.02,0.04
3.0648e-06,-0.004,-0.012,0.02,0.04
3.0652e-06,-0.004,-0.012,0.02,0.08
3.0656e-06,-0.004,-0.012,0.02,0.12
3.0660e-06,0.004,-0.004,-0.02,0.12
3.0664e-06,-0.004,0.004,0.02,0.08
3.0668e-06,0.004,-0.004,0.02,0.08
3.0672e-06,0.004,0.004,0.02,0.08
3.0676e-06,-0.004,0.004,0.02,0.08
3.0680e-06,-0.004,-0.004,0.02,0.08
3.0684e-06,-0.004,-0.004,0.02,0.08
3.0688e-06,-0.004,-0.004,0.02,0.08
3.0692e-06,-0.004,0.004,-0.02,0.08
3.0696e-06,-0.004,0.004,0.02,0.04
3.0700e-06,-0.004,0.004,0.06,0.04
3.0704e-06,-0.004,-0.004,0.06,0.08
3.0708e-06,-0.012,0.004,0.02,0.08
3.0712e-06,-0.004,0.004,0.02,0.08
3.0716e-06,0.012,-0.004,0.1,0.08
3.0720e-06,0.004,0.004,0.06,0
3.0724e-06,-0.004,0.004,0.06,0.04
3.0728e-06,0.004,0.004,0.06,0.08
3.0732e-06,0.004,-0.004,-0.02,0.04
3.0736e-06,-0.012,-0.004,0.02,0.04
3.0740e-06,-0.004,0.004,0.02,0.04
3.0744e-06,-0.004,-0.004,0.02,0
3.0748e-06,-0.004,0.004,0.02,0.04
3.0752e-06,0.004,-0.004,0.02,0.04
3.0756e-06,0.004,-0.004,0.02,0
3.0760e-06,0.004,-0.004,0.02,0.04
3.0764e-06,-0.012,0.004,0.02,0.08
3.0768e-06,-0.004,0.004,0.06,0.08
3.0772e-06,0.004,0.004,0.02,0.08
3.0776e-06,-0.004,-0.004,0.02,0
3.0780e-06,0.004,-0.004,0.06,0.04
3.0784e-06,-0.004,-0.004,0.02,0.04
3.0788e-06,-0.004,0.004,0.02,0.12
3.0792e-06,-0.004,0.004,-0.02,0.04
3.0796e-06,0.004,0.004,0.06,0.08
3.0800e-06,-0.004,-0.004,0.02,0.04
3.0804e-06,-0.004,-0.004,0.06,0.08
3.0808e-06,0.004,-0.004,0.02,0.04
3.0812e-06,0.004,-0.004,0.02,0.08
3.0816e-06,-0.004,-0.004,0.02,0
3.0820e-06,0.004,0.004,0.02,0.04
3.0824e-06,-0.004,-0.004,0.06,0.08
3.0828e-06,0.004,-0.004,0.06,0.04
3.0832e-06,-0.004,-0.004,0.02,0.08
3.0836e-06,-0.004,-0.012,-0.02,0.08
3.0840e-06,0.004,-0.004,-0.02,0.08
3.0844e-06,0.012,0.004,0.02,0.04
3.0848e-06,-0.004,-0.004,0.02,0.04
3.0852e-06,-0.004,-0.004,0.02,0.08
3.0856e-06,-0.012,0.004,0.06,0.08
3.0860e-06,0.004,-0.004,-0.02,0.08
3.0864e-06,0.004,-0.004,-0.02,0.08
3.0868e-06,-0.004,0.004,0.02,0.04
3.0872e-06,-0.004,-0.004,0.02,0.04
3.0876e-06,-0.004,-0.004,0.02,0.04
3.0880e-06,0.004,0.004,0.02,0.08
3.0884e-06,-0.004,0.004,0.06,0.04
3.0888e-06,-0.004,-0.004,0.02,0.04
3.0892e-06,0.004,0.004,0.06,0.08
3.0896e-06,-0.004,-0.004,0.06,0.04
3.0900e-06,0.012,-0.004,0.02,0.08
3.0904e-06,-0.004,0.004,0.02,0.04
3.0908e-06,-0.004,-0.004,-0.02,0.04
3.0912e-06,0.004,-0.004,0.02,0.08
3.0916e-06,-0.004,-0.004,0.02,0.04
3.0920e-06,0.004,-0.004,0.06,0.04
3.0924e-06,0.004,-0.004,0.02,0.08
3.0928e-06,0.012,0.004,0.06,0.08
3.0932e-06,0.004,-0.004,-0.02,0.08
3.0936e-06,0.004,-0.004,0.02,0.08
3.0940e-06,0.004,0.004,0.02,0
3.0944e-06,-0.004,-0.004,-0.02,0.08
3.0948e-06,0.004,0.004,0.02,0.08
3.0952e-06,-0.004,0.004,0.06,0.04
3.0956e-06,-0.004,-0.004,0.02,0.04
3.0960e-06,-0.012,0.004,0.06,0.04
3.0964e-06,-0.004,0.004,0.02,0.04
3.0968e-06,0.004,-0.004,0.02,0.08
3.0972e-06,0.004,0.004,0.02,0.08
3.0976e-06,-0.004,0.004,0.06,0.04
3.0980e-06,0.012,0.004,0.06,0.04
3.0984e-06,-0.004,0.004,0.02,0.04
3.0988e-06,0.004,0.004,0.06,0.08
3.0992e-06,-0.004,-0.004,0.06,0.08
3.0996e-06,-0.004,0.004,0.02,0.12
3.1000e-06,0.004,0.004,0.02,0.08
3.1004e-06,0.004,-0.004,0.06,0.04
3.1008e-06,-0.004,-0.004,0.06,0.08
3.1012e-06,-0.004,-0.004,0.06,0.08
3.1016e-06,-0.004,-0.004,0.02,0.08
3.1020e-06,-0.012,-0.004,-0.02,0.04
3.1024e-06,-0.004,-0.004,0.02,0.08
3.1028e-06,-0.004,-0.004,0.02,0.04
3.1032e-06,-0.004,0.004,0.02,0.08
3.1036e-06,0.004,-0.004,0.06,0.04
3.1040e-06,-0.004,-0.004,0.02,0.08
3.1044e-06,0.012,0.004,0.02,0.08
3.1048e-06,0.004,0.004,0.06,0.08
3.1052e-06,0.004,-0.004,0.06,0.08
3.1056e-06,-0.004,0.012,0.02,0.08
3.1060e-06,-0.004,-0.004,0.02,0.08
3.1064e-06,-0.004,-0.004,0.02,0.04
3.1068e-06,0.004,0.004,0.06,0.08
3.1072e-06,0.004,0.004,0.02,0.04
3.1076e-06,0.004,-0.004,-0.02,0.04
3.1080e-06,-0.004,-0.004,0.02,0.04
3.1084e-06,-0.004,0.004,0.02,0.04
3.1088e-06,-0.004,-0.004,0.02,0
3.1092e-06,-0.004,-0.004,0.06,0.04
3.1096e-06,0.004,0.004,0.02,0.04
3.1100e-06,0.004,0.004,-0.02,0.04
3.1104e-06,0.004,-0.004,0.02,0.04
3.1108e-06,0.004,0.004,0.06,0.04
3.1112e-06,0.004,0.004,0.06,0.04
3.1116e-06,0.004,-0.004,0.02,0.04
3.1120e-06,0.004,0.004,0.02,0.04
3.1124e-06,0.004,0.004,0.06,0.08
3.1128e-06,0.004,-0.004,0.06,0
3.1132e-06,-0.004,0.004,0.02,0.08
3.1136e-06,-0.004,-0.004,0.06,0.08
3.1140e-06,-0.004,0.004,0.02,0.08
3.1144e-06,-0.004,-0.004,0.02,0.08
3.1148e-06,0.012,-0.004,0.02,0.08
3.1152e-06,0.004,-0.004,0.02,0.08
3.1156e-06,0.004,0.004,0.02,0.08
3.1160e-06,0.004,-0.004,0.02,0.04
3.1164e-06,-0.004,-0.004,0.06,0.04
3.1168e-06,0.004,-0.004,-0.02,0
3.1172e-06,-0.004,-0.004,0.02,0.04
3.1176e-06,-0.004,0.004,0.06,0.04
3.1180e-06,0.004,0.004,0.06,0.08
3.1184e-06,-0.004,-0.004,0.02,0
3.1188e-06,0.004,0.004,0.06,0.08
3.1192e-06,0.012,-0.012,0.06,0.08
3.1196e-06,0.004,0.004,0.06,0
3.1200e-06,0.004,-0.004,0.06,0.04
3.1204e-06,0.004,-0.004,0.1,0.04
3.1208e-06,-0.004,-0.004,0.02,0.04
3.1212e-06,0.004,0.004,-0.02,0.04
3.1216e-06,0.004,0.004,0.02,0.04
3.1220e-06,0.004,-0.004,0.02,0.04
3.1224e-06,-0.004,-0.004,0.06,0.08
3.1228e-06,0.012,0.004,0.06,0.08
3.1232e-06,0.004,0.004,-0.02,0.08
3.1236e-06,0.004,-0.004,0.02,0.08
3.1240e-06,0.004,0.004,0.02,0.04
3.1244e-06,0.004,0.004,0.06,0
3.1248e-06,-0.004,-0.004,0.02,0.08
3.1252e-06,-0.004,-0.004,0.02,0.08
3.1256e-06,0.004,0.004,0.02,0.08
3.1260e-06,0.004,0.004,0.02,0
3.1264e-06,0.012,-0.004,0.02,0.08
3.1268e-06,0.004,-0.004,0.02,0.08
3.1272e-06,-0.004,-0.004,-0.02,0.08
3.1276e-06,0.004,-0.004,0.02,0.04
3.1280e-06,-0.012,0.004,0.02,0.04
3.1284e-06,0.004,-0.004,-0.02,0.04
3.1288e-06,-0.004,0.004,0.02,0.08
3.1292e-06,0.004,0.004,0.02,0.04
3.1296e-06,-0.004,-0.004,0.02,0.04
3.1300e-06,0.004,-0.004,0.02,0.12
3.1304e-06,0.004,0.004,0.02,0.04
3.1308e-06,-0.004,0.004,-0.02,0.08
3.1312e-06,0.004,-0.004,0.02,0.08
3.1316e-06,0.004,-0.004,0.06,0.08
3.1320e-06,-0.004,-0.004,0.02,0.08
3.1324e-06,0.004,-0.004,-0.02,0.08
3.1328e-06,0.004,-0.004,-0.02,0.04
3.1332e-06,-0.004,-0.004,-0.02,0.04
3.1336e-06,-0.004,0.004,0.06,0.04
3.1340e-06,0.004,-0.004,0.06,0.04
3.1344e-06,0.004,-0.004,0.02,0.04
3.1348e-06,0.004,-0.004,0.02,0.04
3.1352e-06,0.004,-0.004,0.02,0.08
3.1356e-06,-0.004,-0.012,-0.02,0.04
3.1360e-06,-0.004,-0.004,0.06,0.04
3.1364e-06,0.004,-0.012,-0.02,0.08
3.1368e-06,-0.012,-0.012,0.02,0.08
3.1372e-06,0.004,-0.004,-0.02,0.08
3.1376e-06,0.004,0.004,0.02,0.08
3.1380e-06,-0.004,-0.004,0.02,0.04
3.1384e-06,-0.012,0.004,0.06,0.08
3.1388e-06,0.004,-0.004,0.06,0.04
3.1392e-06,0.004,-0.004,0.02,0.04
3.1396e-06,-0.004,0.004,0.02,0.04
3.1400e-06,-0.004,0.004,-0.02,0.04
3.1404e-06,-0.004,-0.004,0.06,0.08
3.1408e-06,0.004,0.004,0.06,0.04
3.1412e-06,-0.004,0.004,0.1,0.04
3.1416e-06,0.004,-0.004,0.02,0.04
3.1420e-06,-0.004,-0.004,-0.02,0.08
3.1424e-06,-0.012,-0.004,0.06,0.04
3.1428e-06,0.004,-0.004,0.02,0.04
3.1432e-06,0.004,-0.004,0.06,0.08
3.1436e-06,0.004,0.004,0.06,0.04
3.1440e-06,-0.004,-0.004,0.02,0.08
3.1444e-06,0.004,0.004,0.02,0.08
3.1448e-06,0.004,0.004,0.02,0.04
3.1452e-06,0.004,-0.004,0.06,0.04
3.1456e-06,0.004,-0.012,0.06,0.04
3.1460e-06,-0.012,0.004,0.1,0.08
3.1464e-06,-0.004,0.004,0.06,0.08
3.1468e-06,-0.012,-0.004,0.1,0.08
3.1472e-06,-0.004,-0.004,0.06,0.12
3.1476e-06,-0.004,-0.004,0.06,0.08
3.1480e-06,0.004,-0.004,0.1,0.08
3.1484e-06,0.004,-0.004,0.02,0.08
3.1488e-06,-0.004,-0.012,0.02,0.12
3.1492e-06,0.004,0.004,0.02,0.08
3.1496e-06,0.004,0.004,0.1,0.04
3.1500e-06,0.004,0.004,0.02,0.04
3.1504e-06,0.004,0.004,-0.02,0.08
3.1508e-06,-0.004,0.004,0.06,0.08
3.1512e-06,0.004,-0.004,0.1,0.04
3.1516e-06,0.004,0.004,0.02,0.04
3.1520e-06,-0.004,-0.004,0.02,0.08
3.1524e-06,-0.012,-0.004,0.02,0.08
3.1528e-06,-0.004,-0.004,0.06,0
3.1532e-06,-0.004,-0.004,0.02,0.08
3.1536e-06,-0.004,0.004,0.02,0.08
3.1540e-06,-0.004,-0.004,0.06,0.08
3.1544e-06,0.004,-0.004,0.06,0.08
3.1548e-06,-0.004,0.004,0.02,0.04
3.1552e-06,-0.004,0.004,0.02,0.08
3.1556e-06,-0.004,-0.004,0.02,0.08
3.1560e-06,0.004,-0.004,-0.02,0.04
3.1564e-06,0.004,-0.004,0.02,0.08
3.1568e-06,-0.004,0.004,0.06,0.08
3.1572e-06,0.004,-0.004,0.06,0.08
3.1576e-06,0.004,-0.004,0.06,0.08
3.1580e-06,0.004,0.004,0.06,0.04
3.1584e-06,-0.004,-0.004,-0.02,0
3.1588e-06,0.004,-0.004,0.02,0.04
3.1592e-06,-0.004,0.004,-0.02,0.04
3.1596e-06,0.004,-0.004,-0.02,0.04
3.1600e-06,0.004,-0.004,0.02,0.04
3.1604e-06,-0.004,0.004,-0.02,0.08
3.1608e-06,0.004,0.004,0.02,0.08
3.1612e-06,0.012,-0.004,0.06,0.08
3.1616e-06,0.012,-0.004,0.02,0
3.1620e-06,-0.004,-0.004,0.06,0.08
3.1624e-06,-0.004,-0.004,0.02,0.04
3.1628e-06,-0.004,-0.004,-0.02,0.08
3.1632e-06,0.004,0.004,0.06,0.04
3.1636e-06,-0.004,0.004,0.06,0.04
3.1640e-06,0.004,0.004,0.06,0.08
3.1644e-06,0.004,-0.004,0.06,0.08
3.1648e-06,0.004,-0.004,0.02,0.12
3.1652e-06,0.004,-0.004,0.06,0.08
3.1656e-06,-0.004,-0.004,0.06,0.08
3.1660e-06,-0.004,0.004,0.02,0.04
3.1664e-06,0.004,0.004,0.06,0.08
3.1668e-06,-0.004,0.004,0.02,0.08
3.1672e-06,-0.004,0.012,0.06,0.08
3.1676e-06,-0.004,0.004,0.1,0.08
3.1680e-06,0.004,-0.004,0.06,0.04
3.1684e-06,-0.004,-0.004,0.06,0.04
3.1688e-06,-0.004,-0.004,0.06,0.04
3.1692e-06,0.004,-0.004,0.06,0.04
3.1696e-06,0.004,-0.004,0.02,0.04
3.1700e-06,0.004,-0.004,0.02,0.08
3.1704e-06,0.012,-0.004,0.02,0
3.1708e-06,-0.004,-0.004,0.02,0.04
3.1712e-06,0.004,-0.004,0.06,0.04
3.1716e-06,0.004,-0.004,0.06,0.04
3.1720e-06,-0.004,-0.004,0.02,0.08
3.1724e-06,-0.004,0.004,0.02,0.08
3.1728e-06,-0.004,0.004,0.06,0.04
3.1732e-06,-0.004,-0.004,0.1,0.04
3.1736e-06,0.004,0.004,0.02,0.04
3.1740e-06,0.004,0.004,0.06,0.04
3.1744e-06,-0.004,0.004,0.02,0.04
3.1748e-06,-0.004,0.004,0.02,0.04
3.1752e-06,-0.004,0.004,0.02,0.04
3.1756e-06,0.004,-0.004,0.02,0.04
3.1760e-06,0.004,0.004,0.06,0.08
3.1764e-06,-0.004,-0.004,0.02,0.08
3.1768e-06,0.004,-0.004,-0.02,0.08
3.1772e-06,0.004,0.004,0.06,0.04
3.1776e-06,0.004,0.004,0.06,0.04
3.1780e-06,0.004,0.004,0.06,0.08
3.1784e-06,0.004,0.004,0.02,0.08
3.1788e-06,0.004,0.012,0.02,0.08
3.1792e-06,0.012,0.004,-0.02,0.08
3.1796e-06,-0.004,-0.004,0.02,0.04
3.1800e-06,-0.004,0.004,0.02,0.08
3.1804e-06,0.004,-0.004,0.06,0.08
3.1808e-06,0.004,-0.004,0.02,0.08
3.1812e-06,0.004,-0.012,0.02,0.04
3.1816e-06,-0.012,0.004,0.02,0.08
3.1820e-06,0.004,0.004,0.02,0.08
3.1824e-06,0.004,-0.012,-0.02,0.04
3.1828e-06,0.004,0.004,0.02,0.04
3.1832e-06,-0.004,-0.004,0.02,0.08
3.1836e-06,-0.004,0.004,-0.02,0.08
3.1840e-06,-0.004,0.004,0.06,0.08
3.1844e-06,0.004,0.004,0.02,0.04
3.1848e-06,-0.004,-0.004,0.02,0.04
3.1852e-06,0.004,-0.004,-0.02,0.04
3.1856e-06,0.004,-0.004,-0.02,0.04
3.1860e-06,-0.004,-0.012,0.06,0.04
3.1864e-06,-0.004,-0.02,0.1,0.04
3.1868e-06,-0.004,-0.02,0.02,0.04
3.1872e-06,-0.004,-0.012,0.06,0.04
3.1876e-06,-0.004,-0.012,0.02,0.08
3.1880e-06,-0.012,-0.02,0.02,0.04
3.1884e-06,-0.004,-0.012,0.02,0.04
3.1888e-06,-0.012,-0.02,-0.02,0.08
3.1892e-06,-0.004,-0.012,0.06,0.08
3.1896e-06,-0.004,-0.004,-0.02,0.08
3.1900e-06,-0.004,-0.004,0.06,0.08
3.1904e-06,0.004,-0.004,0.02,0.08
3.1908e-06,0.004,-0.004,0.02,0.08
3.1912e-06,0.004,-0.004,0.02,0.12
3.1916e-06,-0.004,-0.004,0.02,0.12
3.1920e-06,-0.004,-0.004,0.06,0.08
3.1924e-06,-0.004,-0.004,0.06,0.12
3.1928e-06,-0.004,-0.004,0.02,0.08
3.1932e-06,0.012,-0.004,0.02,0.08
3.1936e-06,0.004,-0.004,0.1,0.04
3.1940e-06,-0.004,0.004,0.1,0.08
3.1944e-06,-0.004,-0.012,0.06,0.04
3.1948e-06,-0.004,0.004,0.02,0.08
3.1952e-06,-0.004,-0.004,0.02,0.04
3.1956e-06,0.004,-0.004,0.06,0.08
3.1960e-06,0.004,-0.004,0.06,0.04
3.1964e-06,-0.004,-0.004,0.06,0.08
3.1968e-06,-0.004,-0.004,-0.02,0.08
3.1972e-06,-0.004,-0.004,0.02,0.08
3.1976e-06,0.012,0.004,0.02,0.08
3.1980e-06,0.004,-0.004,0.02,0.08
3.1984e-06,0.004,-0.004,0.02,0.08
3.1988e-06,-0.004,-0.004,0.02,0.08
3.1992e-06,-0.004,0.004,0.06,0.04
3.1996e-06,-0.004,0.004,0.06,0.08
3.2000e-06,-0.012,0.004,0.06,0.04
3.2004e-06,-0.004,-0.004,-0.02,0.12
3.2008e-06,0.004,0.004,0.02,0.08
3.2012e-06,-0.004,0.004,0.02,0.08
3.2016e-06,0.004,0.004,0.06,0.04
3.2020e-06,-0.004,-0.004,0.06,0.08
3.2024e-06,0.004,0.004,0.06,0.04
3.2028e-06,0.004,-0.004,0.02,0.04
3.2032e-06,0.004,-0.004,0.02,0.04
3.2036e-06,0.004,-0.004,-0.02,0.04
3.2040e-06,-0.004,0.004,0.06,0.08
3.2044e-06,0.004,-0.004,0.06,0.04
3.2048e-06,-0.004,0.004,0.06,0.04
3.2052e-06,0.004,-0.004,0.02,0.04
3.2056e-06,-0.004,-0.004,0.06,0.08
3.2060e-06,-0.004,-0.004,0.06,0.04
3.2064e-06,0.004,-0.004,0.06,0.04
3.2068e-06,0.004,-0.004,0.02,0.08
3.2072e-06,-0.004,-0.004,0.06,0.04
3.2076e-06,-0.004,-0.004,0.02,0.12
3.2080e-06,-0.004,0.004,0.02,0.08
3.2084e-06,-0.004,-0.004,0.02,0.12
3.2088e-06,-0.004,-0.012,0.02,0.08
3.2092e-06,0.004,0.004,0.02,0.04
3.2096e-06,0.004,0.004,0.02,0.08
3.2100e-06,-0.004,-0.004,0.02,0.12
3.2104e-06,0.004,-0.004,0.06,0.04
3.2108e-06,-0.004,-0.004,0.1,0.08
3.2112e-06,0.004,-0.012,0.02,0.08
3.2116e-06,0.004,-0.004,0.02,0.04
3.2120e-06,-0.004,-0.004,0.02,0.04
3.2124e-06,0.004,0.004,-0.02,0.08
3.2128e-06,-0.004,0.004,-0.02,0.04
3.2132e-06,-0.004,-0.004,0.1,0.04
3.2136e-06,0.004,-0.004,0.02,0.04
3.2140e-06,0.004,-0.004,0.06,0.08
3.2144e-06,0.004,-0.004,0.06,0.04
3.2148e-06,0.004,0.004,0.06,0.04
3.2152e-06,0.004,0.004,0.06,0.04
3.2156e-06,0.004,-0.004,0.06,0.08
3.2160e-06,-0.012,-0.004,0.02,0.08
3.2164e-06,-0.004,-0.012,0.06,0.08
3.2168e-06,-0.004,0.004,0.02,0.08
3.2172e-06,-0.004,0.004,0.02,0
3.2176e-06,0.004,-0.012,0.02,0.04
3.2180e-06,-0.004,0.004,0.1,0.04
3.2184e-06,-0.004,-0.012,-0.02,0.04
3.2188e-06,-0.004,-0.004,0.02,0.08
3.2192e-06,-0.012,0.004,-0.02,0.08
3.2196e-06,-0.012,-0.004,0.02,0.04
3.2200e-06,-0.004,-0.004,0.06,0.08
3.2204e-06,0.004,0.004,0.02,0.08
3.2208e-06,-0.004,0.004,-0.02,0.04
3.2212e-06,-0.004,0.004,0.06,0.04
3.2216e-06,-0.004,0.004,0.02,0.08
3.2220e-06,-0.012,0.004,0.02,0.04
3.2224e-06,-0.004,-0.004,-0.02,0.08
3.2228e-06,-0.004,-0.004,-0.02,0.08
3.2232e-06,0.004,0.004,0.06,0.08
3.2236e-06,0.004,-0.004,0.02,0.04
3.2240e-06,0.004,0.004,0.02,0.08
3.2244e-06,-0.004,-0.004,0.02,0.04
3.2248e-06,-0.004,0.012,0.02,0.04
3.2252e-06,-0.004,-0.004,-0.02,0.08
3.2256e-06,0.004,-0.004,0.02,0.08
3.2260e-06,0.004,-0.004,0.06,0.08
3.2264e-06,-0.004,-0.004,0.06,0.04
3.2268e-06,-0.004,-0.004,0.02,0.08
3.2272e-06,-0.004,-0.004,-0.02,0.08
3.2276e-06,0.004,-0.004,0.02,0.08
3.2280e-06,0.004,-0.004,-0.02,0.04
3.2284e-06,0.004,-0.012,0.06,0.04
3.2288e-06,-0.004,-0.004,0.06,0.04
3.2292e-06,0.004,0.004,0.02,0.04
3.2296e-06,0.004,0.004,0.02,0.04
3.2300e-06,-0.004,-0.004,-0.02,0.04
3.2304e-06,-0.004,-0.004,0.02,0.04
3.2308e-06,-0.004,-0.004,0.02,0.08
3.2312e-06,-0.004,0.004,0.02,0.04
3.2316e-06,-0.012,0.004,-0.02,0.08
3.2320e-06,-0.004,0.004,-0.02,0.08
3.2324e-06,0.004,-0.004,0.06,0.04
3.2328e-06,-0.004,0.004,0.02,0.08
3.2332e-06,0.004,-0.004,0.06,0.04
3.2336e-06,0.004,0.004,0.06,0.04
3.2340e-06,0.004,-0.004,0.06,0.08
3.2344e-06,0.004,0.004,0.02,0.08
3.2348e-06,-0.004,-0.004,0.06,0.08
3.2352e-06,0.004,-0.004,0.06,0.08
3.2356e-06,0.004,-0.004,0.06,0.04
3.2360e-06,-0.004,-0.004,0.02,0.08
3.2364e-06,-0.004,0.004,0.02,0.08
3.2368e-06,0.004,0.004,0.06,0.12
3.2372e-06,0.004,0.004,0.06,0.08
3.2376e-06,-0.004,0.004,0.06,0.08
3.2380e-06,0.004,0.004,0.06,0.08
3.2384e-06,0.004,0.004,0.02,0.08
3.2388e-06,0.012,0.004,0.06,0.08
3.2392e-06,0.004,0.004,0.02,0.08
3.2396e-06,0.012,0.004,0.06,0
3.2400e-06,0.004,-0.004,0.06,0.04
3.2404e-06,0.004,0.004,0.06,0.04
3.2408e-06,0.004,-0.012,0.02,0.04
3.2412e-06,0.004,-0.004,0.06,0.04
3.2416e-06,0.004,0.004,0.06,0.08
3.2420e-06,0.012,0.004,0.02,0.04
3.2424e-06,-0.004,-0.004,0.02,0.08
3.2428e-06,-0.004,0.004,0.06,0.08
3.2432e-06,-0.004,-0.004,0.02,0.08
3.2436e-06,0.004,-0.004,0.02,0.08
3.2440e-06,0.004,0.004,0.02,0.04
3.2444e-06,0.004,-0.004,0.02,0.08
3.2448e-06,-0.004,-0.004,-0.02,0
3.2452e-06,-0.004,-0.004,-0.02,0.08
3.2456e-06,0.004,0.004,0.02,0.08
3.2460e-06,0.004,0.004,0.02,0.08
3.2464e-06,-0.004,-0.004,0.02,0.08
3.2468e-06,0.004,0.004,0.02,0.08
3.2472e-06,0.012,0.004,0.02,0.04
3.2476e-06,0.004,-0.004,0.02,0.04
3.2480e-06,-0.004,0.004,0.02,0.08
3.2484e-06,0.004,0.004,0.02,0.08
3.2488e-06,0.004,0.004,0.02,0.08
3.2492e-06,0.004,-0.004,0.06,0.04
3.2496e-06,-0.004,-0.004,0.02,0.04
3.2500e-06,-0.004,-0.004,0.02,0.08
3.2504e-06,-0.004,-0.004,0.02,0
3.2508e-06,0.004,-0.004,0.02,0.04
3.2512e-06,0.004,0.004,0.02,0.04
3.2516e-06,-0.004,-0.004,0.02,0.08
3.2520e-06,-0.004,-0.004,-0.02,0.08
3.2524e-06,-0.004,0.004,-0.02,0.08
3.2528e-06,-0.004,0.004,-0.02,0.08
3.2532e-06,0.004,-0.004,0.1,0.04
3.2536e-06,-0.004,-0.012,0.02,0.04
3.2540e-06,0.004,0.004,0.06,0.08
3.2544e-06,0.004,0.004,0.02,0.04
3.2548e-06,-0.004,-0.004,0.06,0.04
3.2552e-06,-0.004,-0.004,0.02,0.04
3.2556e-06,0.004,0.004,0.02,0.08
3.2560e-06,0.004,-0.004,0.02,0.08
3.2564e-06,-0.004,-0.004,0.02,0.04
3.2568e-06,-0.004,-0.004,0.02,0.04
3.2572e-06,0.004,-0.004,0.02,0
3.2576e-06,0.004,0.004,0.1,0.08
3.2580e-06,-0.004,-0.004,0.02,0.04
3.2584e-06,0.004,0.004,-0.02,0.08
3.2588e-06,-0.004,0.004,0.02,0.08
3.2592e-06,0.004,0.004,0.06,0.04
3.2596e-06,-0.004,-0.004,0.06,0.04
3.2600e-06,-0.004,0.004,0.02,0.04
3.2604e-06,-0.004,-0.004,0.06,0.04
3.2608e-06,0.004,0.004,0.02,0.08
3.2612e-06,-0.004,-0.004,0.02,0.08
3.2616e-06,0.004,-0.004,0.02,0.08
3.2620e-06,0.004,-0.004,0.06,0.08
3.2624e-06,-0.004,0.004,0.1,0.08
3.2628e-06,0.004,0.012,0.06,0.08
3.2632e-06,0.004,0.004,-0.02,0.04
3.2636e-06,-0.004,-0.004,-0.02,0.08
3.2640e-06,0.004,-0.004,-0.02,0.08
3.2644e-06,-0.004,0.004,0.06,0.04
3.2648e-06,0.004,-0.004,-0.02,0.04
3.2652e-06,-0.012,-0.004,0.02,0
3.2656e-06,0.004,-0.004,0.02,0.04
3.2660e-06,-0.004,0.004,0.02,0.04
3.2664e-06,0.004,-0.004,-0.02,0.08
3.2668e-06,-0.004,0.004,0.02,0.08
3.2672e-06,-0.004,-0.004,-0.02,0.08
3.2676e-06,-0.004,0.004,0.02,0.04
3.2680e-06,-0.004,0.004,-0.02,0.08
3.2684e-06,0.004,0.004,-0.02,0.04
3.2688e-06,0.004,-0.004,0.02,0.04
3.2692e-06,0.004,-0.004,0.02,0.04
3.2696e-06,0.004,-0.004,-0.02,0.08
3.2700e-06,0.004,0.004,0.02,0.08
3.2704e-06,-0.004,0.004,0.02,0.08
3.2708e-06,0.004,0.004,0.02,0.08
3.2712e-06,-0.004,-0.004,0.02,0.04
3.2716e-06,0.004,0.004,0.06,0.08
3.2720e-06,-0.004,-0.004,0.02,0.08
3.2724e-06,-0.004,0.004,0.02,0.08
3.2728e-06,0.004,0.004,0.06,0.08
3.2732e-06,-0.004,-0.012,-0.02,0.08
3.2736e-06,0.004,-0.004,-0.02,0.04
3.2740e-06,-0.004,-0.012,0.02,0.08
3.2744e-06,-0.004,-0.004,0.02,0.08
3.2748e-06,0.012,0.004,0.06,0.08
3.2752e-06,0.004,-0.004,0.02,0.04
3.2756e-06,0.004,-0.004,0.02,0.04
3.2760e-06,0.004,0.004,-0.02,0.08
3.2764e-06,0.004,0.004,0.06,0.04
3.2768e-06,-0.004,-0.004,0.02,0.08
3.2772e-06,-0.004,-0.004,-0.02,0.08
3.2776e-06,-0.004,-0.012,0.06,0.04
3.2780e-06,0.004,-0.004,0.1,0.08
3.2784e-06,-0.004,-0.004,0.1,0.04
3.2788e-06,0.004,-0.004,0.1,0.04
3.2792e-06,-0.004,-0.004,0.06,0.04
3.2796e-06,0.004,0.004,0.06,0
3.2800e-06,0.012,0.004,0.1,0.08
3.2804e-06,-0.004,-0.004,0.1,0.04
3.2808e-06,0.004,0.004,0.06,0.08
3.2812e-06,-0.004,0.004,0.02,0.04
3.2816e-06,0.004,0.004,0.06,0.04
3.2820e-06,0.004,0.004,0.02,0.04
3.2824e-06,0.004,-0.004,0.06,0.08
3.2828e-06,-0.012,-0.004,0.06,0.04
3.2832e-06,0.004,0.004,0.02,0.08
3.2836e-06,-0.004,0.004,-0.02,0.04
3.2840e-06,-0.004,-0.004,0.02,0.04
3.2844e-06,-0.004,0.004,0.02,0.04
3.2848e-06,0.004,-0.004,0.02,0.04
3.2852e-06,-0.004,-0.004,0.02,0.04
3.2856e-06,-0.004,0.004,-0.02,0.04
3.2860e-06,-0.004,0.004,0.02,0.04
3.2864e-06,-0.004,0.004,0.02,0.08
3.2868e-06,0.004,-0.004,0.02,0.04
3.2872e-06,-0.012,0.004,0.02,0
3.2876e-06,-0.004,-0.004,-0.06,0.08
3.2880e-06,-0.004,-0.004,0.02,0.08
3.2884e-06,0.004,-0.004,0.02,0.04
3.2888e-06,-0.004,-0.004,0.02,0.04
3.2892e-06,-0.004,0.004,0.02,0
3.2896e-06,0.004,0.004,0.02,0.08
3.2900e-06,0.004,0.004,0.02,0.04
3.2904e-06,-0.004,0.004,0.06,0.04
3.2908e-06,-0.004,0.004,0.02,0.04
3.2912e-06,-0.004,-0.012,0.02,0.04
3.2916e-06,0.004,-0.004,-0.02,0
3.2920e-06,0.004,0.004,0.06,0.08
3.2924e-06,-0.004,0.004,0.06,0.08
3.2928e-06,0.004,0.004,0.02,0.08
3.2932e-06,0.004,-0.004,0.06,0.08
3.2936e-06,0.004,0.012,0.06,0.08
3.2940e-06,0.004,0.004,0.06,0.04
3.2944e-06,-0.004,0.004,-0.02,0.04
3.2948e-06,-0.004,0.004,-0.02,0.04
3.2952e-06,-0.004,-0.004,-0.02,0.04
3.2956e-06,0.004,0.004,0.02,0.04
3.2960e-06,0.004,0.004,0.02,0.04
3.2964e-06,-0.004,-0.004,0.02,0.08
3.2968e-06,0.004,-0.004,0.06,0.08
3.2972e-06,0.012,0.004,0.02,0.08
3.2976e-06,0.004,0.004,0.02,0.08
3.2980e-06,0.004,-0.004,0.02,0.08
3.2984e-06,0.012,-0.004,0.06,0.04
3.2988e-06,-0.004,-0.004,0.06,0.04
3.2992e-06,-0.004,0.004,0.06,0.04
3.2996e-06,-0.004,0.004,0.02,0.08
3.3000e-06,-0.004,0.004,0.02,0.08
3.3004e-06,0.004,-0.004,0.02,0.08
3.3008e-06,-0.004,-0.012,0.02,0.04
3.3012e-06,0.004,-0.004,0.02,0.08
3.3016e-06,-0.012,0.004,0.02,0.08
3.3020e-06,-0.004,-0.004,0.02,0.08
3.3024e-06,0.004,-0.004,0.02,0.04
3.3028e-06,0.004,0.004,0.02,0.04
3.3032e-06,-0.004,-0.004,0.06,0
3.3036e-06,0.004,0.004,0.06,0.04
3.3040e-06,-0.004,0.004,0.06,0.08
3.3044e-06,-0.004,0.004,0.1,0.04
3.3048e-06,0.004,-0.004,0.06,0
3.3052e-06,0.004,0.004,0.02,0.04
3.3056e-06,-0.004,-0.004,0.02,0.04
3.3060e-06,0.004,-0.004,0.02,0.04
3.3064e-06,-0.012,-0.012,0.02,0.04
3.3068e-06,-0.012,-0.004,0.02,0.08
3.3072e-06,0.004,-0.012,0.02,0.08
3.3076e-06,0.004,-0.004,0.02,0.08
3.3080e-06,-0.004,-0.004,0.02,0
3.3084e-06,-0.004,0.004,0.02,0.08
3.3088e-06,-0.004,-0.004,0.02,0.04
3.3092e-06,-0.004,-0.004,0.06,0.04
3.3096e-06,0.004,0.012,0.02,0.04
3.3100e-06,0.004,-0.004,0.06,0.08
3.3104e-06,0.004,-0.012,0.06,0.04
3.3108e-06,-0.004,-0.012,0.02,0.04
3.3112e-06,-0.004,-0.004,-0.02,0.08
3.3116e-06,0.004,-0.004,0.06,0.04
3.3120e-06,0.004,0.004,0.02,0.08
3.3124e-06,-0.004,0.004,0.02,0.08
3.3128e-06,-0.004,0.004,0.06,0.08
3.3132e-06,0.004,-0.004,0.06,0.04
3.3136e-06,0.004,-0.012,0.02,0.08
3.3140e-06,0.004,-0.004,0.02,0.12
3.3144e-06,-0.004,-0.004,0.02,0.08
3.3148e-06,0.012,0.004,0.02,0.08
3.3152e-06,0.004,-0.004,0.06,0.08
3.3156e-06,-0.004,0.004,-0.02,0.04
3.3160e-06,-0.004,-0.004,0.1,0.04
3.3164e-06,-0.004,0.004,0.1,0.04
3.3168e-06,-0.004,-0.004,0.06,0.04
3.3172e-06,0.004,-0.004,0.02,0.04
3.3176e-06,0.004,0.004,0.02,0.04
3.3180e-06,0.012,-0.004,0.02,0.04
3.3184e-06,-0.004,0.004,0.02,0.04
3.3188e-06,0.004,0.004,-0.02,0.04
3.3192e-06,-0.004,-0.004,0.02,0.08
3.3196e-06,0.004,-0.012,0.02,0.04
3.3200e-06,-0.004,0.004,0.02,0.08
3.3204e-06,-0.004,-0.004,0.02,0.04
3.3208e-06,0.004,-0.004,0.02,0.04
3.3212e-06,-0.004,-0.004,0.02,0.08
3.3216e-06,0.004,-0.004,0.06,0.08
3.3220e-06,-0.004,-0.004,0.06,0.08
3.3224e-06,0.004,-0.004,0.06,0.04
3.3228e-06,0.004,-0.004,0.06,0.04
3.3232e-06,-0.004,-0.004,0.02,0.04
3.3236e-06,-0.004,0.004,0.02,0.08
3.3240e-06,-0.004,-0.004,-0.02,0.04
3.3244e-06,0.004,0.004,0.02,0.04
3.3248e-06,-0.004,0.004,0.1,0.04
3.3252e-06,-0.004,0.004,-0.02,0.04
3.3256e-06,0.004,-0.004,0.02,0.08
3.3260e-06,-0.012,-0.004,0.06,0.04
3.3264e-06,-0.012,-0.004,0.02,0.04
3.3268e-06,-0.004,0.012,0.06,0.04
3.3272e-06,-0.02,0.004,0.06,0.04
3.3276e-06,-0.02,0.004,-0.02,0.04
3.3280e-06,-0.012,-0.004,0.06,0.08
3.3284e-06,-0.012,-0.004,0.06,0.08
3.3288e-06,-0.012,-0.004,0.06,0.04
3.3292e-06,-0.012,0.004,0.1,0.04
3.3296e-06,-0.012,0.004,0.06,0.04
3.3300e-06,-0.012,-0.004,0.02,0.08
3.3304e-06,-0.012,0.004,0.02,0.08
3.3308e-06,-0.012,-0.012,0.02,0.04
3.3312e-06,-0.012,-0.004,0.02,0.04
3.3316e-06,-0.004,-0.012,0.02,0
3.3320e-06,-0.004,-0.004,0.02,0.04
3.3324e-06,-0.012,-0.004,0.06,0.04
3.3328e-06,0.004,0.004,0.1,0.04
3.3332e-06,0.004,-0.012,0.02,0.12
3.3336e-06,0.004,-0.004,0.02,0.04
3.3340e-06,-0.004,-0.004,0.02,0.08
3.3344e-06,-0.004,-0.004,0.06,0.08
3.3348e-06,-0.004,-0.004,0.02,0.08
3.3352e-06,-0.004,0.004,0.06,0.08
3.3356e-06,0.004,0.004,0.02,0.08
3.3360e-06,-0.012,0.004,0.02,0.04
3.3364e-06,0.004,0.004,0.02,0.04
3.3368e-06,0.012,-0.004,-0.02,0.04
3.3372e-06,0.012,0.004,0.02,0.04
3.3376e-06,0.004,-0.004,-0.02,0.04
3.3380e-06,-0.004,-0.004,0.02,0.04
3.3384e-06,0.012,0.004,0.02,0.04
3.3388e-06,0.004,-0.004,0.02,0.08
3.3392e-06,-0.004,-0.004,0.02,0.04
3.3396e-06,0.004,-0.004,0.02,0.08
3.3400e-06,-0.004,-0.004,0.06,0.08
3.3404e-06,0.004,-0.012,0.02,0.04
3.3408e-06,-0.004,-0.004,0.02,0.04
3.3412e-06,0.004,-0.004,0.06,0.04
3.3416e-06,0.012,-0.004,0.06,0.08
3.3420e-06,0.004,-0.004,0.02,0.04
3.3424e-06,0.012,-0.004,0.02,0.04
3.3428e-06,0.004,0.012,0.02,0.04
3.3432e-06,-0.004,-0.004,0.02,0.08
3.3436e-06,-0.004,-0.004,0.06,0.04
3.3440e-06,-0.004,-0.02,0.02,0.08
3.3444e-06,-0.004,0.004,0.06,0.12
3.3448e-06,0.012,-0.004,0.06,0.04
3.3452e-06,-0.004,0.004,0.06,0.08
3.3456e-06,-0.004,0.004,0.06,0.08
3.3460e-06,-0.004,0.004,0.02,0.04
3.3464e-06,-0.004,-0.004,-0.02,0.08
3.3468e-06,0.004,0.004,-0.02,0.08
3.3472e-06,0.004,0.004,-0.02,0.04
3.3476e-06,0.004,-0.004,0.06,0.04
3.3480e-06,-0.004,0.004,0.02,0.08
3.3484e-06,-0.012,0.004,0.02,0.08
3.3488e-06,0.004,-0.004,0.02,0
3.3492e-06,-0.004,-0.004,0.02,0.04
3.3496e-06,0.004,-0.004,0.02,0.04
3.3500e-06,0.004,-0.004,0.02,0.04
3.3504e-06,0.004,-0.004,0.06,0.08
3.3508e-06,0.004,-0.004,0.06,0.08
3.3512e-06,0.004,-0.004,-0.02,0.12
3.3516e-06,-0.004,-0.004,0.02,0.08
3.3520e-06,0.004,-0.004,0.02,0.08
3.3524e-06,-0.004,0.004,0.02,0.04
3.3528e-06,-0.004,-0.004,0.02,0.04
3.3532e-06,-0.004,0.004,0.02,0.08
3.3536e-06,-0.012,0.004,0.06,0.08
3.3540e-06,-0.004,-0.012,0.06,0.08
3.3544e-06,-0.004,0.004,0.1,0.08
3.3548e-06,0.012,-0.004,0.06,0.08
3.3552e-06,0.004,-0.004,0.02,0.08
3.3556e-06,-0.004,0.004,0.02,0.08
3.3560e-06,-0.004,-0.004,0.02,0.08
3.3564e-06,-0.004,0.004,-0.02,0.08
3.3568e-06,0.004,0.004,-0.02,0.08
3.3572e-06,0.004,-0.004,-0.02,0.08
3.3576e-06,-0.004,-0.004,-0.02,0.04
3.3580e-06,-0.004,0.004,0.02,0.04
3.3584e-06,0.004,-0.004,-0.02,0.04
3.3588e-06,-0.004,-0.004,0.02,0.08
3.3592e-06,-0.004,-0.004,-0.02,0.04
3.3596e-06,0.012,0.004,0.02,0.12
3.3600e-06,-0.004,0.004,0.02,0.08
3.3604e-06,0.004,-0.004,0.02,0.08
3.3608e-06,-0.004,-0.004,0.02,0.04
3.3612e-06,-0.004,0.004,-0.02,0.04
3.3616e-06,-0.012,-0.004,-0.02,0.04
3.3620e-06,0.004,-0.004,0.06,0.04
3.3624e-06,0.004,0.004,0.02,0.04
3.3628e-06,0.004,-0.012,0.02,0.08
3.3632e-06,0.004,-0.004,0.06,0.08
3.3636e-06,-0.004,-0.004,0.02,0.08
3.3640e-06,-0.004,0.004,0.06,0.08
3.3644e-06,-0.004,-0.012,0.02,0.04
3.3648e-06,0.012,0.004,0.06,0.04
3.3652e-06,-0.004,0.004,0.1,0
3.3656e-06,0.012,-0.004,0.1,0.04
3.3660e-06,0.004,-0.004,0.06,0.08
3.3664e-06,-0.004,-0.004,0.06,0.08
3.3668e-06,-0.004,-0.004,0.02,0.08
3.3672e-06,-0.004,-0.004,0.06,0.08
3.3676e-06,-0.004,-0.004,0.02,0.08
3.3680e-06,-0.012,-0.004,-0.02,0.04
3.3684e-06,-0.004,-0.004,0.02,0.04
3.3688e-06,-0.012,0.004,0.02,0.08
3.3692e-06,-0.004,-0.004,0.02,0.08
3.3696e-06,-0.02,-0.004,-0.02,0.04
3.3700e-06,-0.004,0.004,0.02,0.04
3.3704e-06,0.004,0.012,0.02,0.08
3.3708e-06,-0.012,-0.004,0.02,0.04
3.3712e-06,-0.004,-0.012,0.02,0.08
3.3716e-06,-0.004,-0.004,0.06,0.08
3.3720e-06,0.004,-0.004,0.06,0.04
3.3724e-06,0.004,0.004,0.06,0.08
3.3728e-06,0.004,-0.004,-0.02,0.04
3.3732e-06,0.004,-0.004,0.02,0.04
3.3736e-06,0.004,0.004,0.02,0.08
3.3740e-06,-0.004,-0.004,0.02,0.04
3.3744e-06,-0.004,0.004,0.02,0.04
3.3748e-06,-0.012,-0.004,0.02,0.04
3.3752e-06,0.004,-0.004,0.02,0.04
3.3756e-06,-0.012,0.012,0.06,0.04
3.3760e-06,0.004,-0.004,0.06,0.04
3.3764e-06,-0.004,0.004,-0.02,0.12
3.3768e-06,0.004,0.012,0.02,0.04
3.3772e-06,-0.004,-0.004,0.02,0.04
3.3776e-06,-0.004,0.004,0.1,0.08
3.3780e-06,-0.004,-0.004,0.06,0.08
3.3784e-06,-0.004,-0.012,0.06,0.08
3.3788e-06,0.004,-0.004,0.06,0.08
3.3792e-06,-0.004,-0.004,0.06,0.04
3.3796e-06,0.004,0.004,0.02,0.08
3.3800e-06,-0.004,-0.004,0.02,0.04
3.3804e-06,0.004,0.004,0.06,0.08
3.3808e-06,-0.004,-0.004,0.02,0.08
3.3812e-06,-0.004,-0.004,0.06,0.08
3.3816e-06,-0.004,-0.004,0.06,0.08
3.3820e-06,-0.004,0.004,0.02,0.04
3.3824e-06,-0.004,-0.004,0.02,0.08
3.3828e-06,0.004,-0.004,0.02,0.08
3.3832e-06,-0.012,-0.004,0.02,0.08
3.3836e-06,0.004,-0.004,0.02,0.08
3.3840e-06,-0.004,-0.004,0.02,0.08
3.3844e-06,-0.004,-0.004,0.02,0.08
3.3848e-06,0.012,-0.004,0.02,0.08
3.3852e-06,0.004,-0.004,0.02,0.08
3.3856e-06,0.004,0.004,-0.02,0.04
3.3860e-06,0.004,-0.004,0.02,0.12
3.3864e-06,-0.004,0.004,0.06,0.08
3.3868e-06,-0.004,0.004,0.06,0.04
3.3872e-06,0.004,0.004,0.1,0.08
3.3876e-06,0.004,0.004,0.06,0.08
3.3880e-06,0.004,0.004,0.06,0.04
3.3884e-06,0.004,-0.004,0.02,0.08
3.3888e-06,-0.004,-0.004,-0.02,0.08
3.3892e-06,-0.004,0.004,0.1,0.04
3.3896e-06,-0.004,-0.004,0.06,0.08
3.3900e-06,0.004,0.004,0.06,0.04
3.3904e-06,0.012,0.012,0.02,0.04
3.3908e-06,-0.004,0.004,0.06,0.08
3.3912e-06,-0.004,-0.004,0.02,0.04
3.3916e-06,-0.012,-0.004,-0.02,0.04
3.3920e-06,-0.004,-0.004,-0.02,0
3.3924e-06,-0.004,0.004,0.02,0.08
3.3928e-06,-0.004,0.004,0.02,0.08
3.3932e-06,-0.004,0.004,0.06,0.08
3.3936e-06,0.004,0.004,0.06,0.04
3.3940e-06,0.004,0.004,0.02,0.08
3.3944e-06,-0.004,0.004,0.02,0
3.3948e-06,0.004,-0.004,0.02,0.08
3.3952e-06,-0.004,-0.004,0.06,0.12
3.3956e-06,-0.004,-0.004,0.02,0.08
3.3960e-06,0.004,-0.004,0.02,0.04
3.3964e-06,-0.004,-0.012,0.02,0.04
3.3968e-06,-0.004,0.004,0.06,0.04
3.3972e-06,0.004,-0.004,0.06,0.04
3.3976e-06,-0.004,-0.004,0.06,0.08
3.3980e-06,-0.004,0.004,0.06,0.04
3.3984e-06,-0.004,0.004,0.06,0.08
3.3988e-06,-0.004,0.004,0.02,0.04
3.3992e-06,-0.004,-0.004,0.06,0.08
3.3996e-06,-0.004,0.004,0.02,0.08
3.4000e-06,-0.004,0.004,0.02,0.04
3.4004e-06,-0.004,0.004,0.02,0.04
3.4008e-06,0.004,-0.004,0.02,0.04
3.4012e-06,0.012,0.004,0.02,0.04
3.4016e-06,-0.004,-0.004,0.02,0.08
3.4020e-06,0.004,0.004,0.06,0.08
3.4024e-06,-0.004,-0.004,0.06,0.04
3.4028e-06,-0.004,-0.004,0.06,0
3.4032e-06,-0.004,0.004,0.02,0.08
3.4036e-06,0.004,-0.004,-0.02,0.04
3.4040e-06,0.004,0.004,0.02,0.04
3.4044e-06,-0.004,-0.004,0.02,0.04
3.4048e-06,-0.004,0.004,0.02,0.04
3.4052e-06,0.004,0.012,0.02,0.08
3.4056e-06,-0.004,-0.004,-0.02,0.08
3.4060e-06,-0.004,-0.004,-0.02,0.08
3.4064e-06,0.004,-0.012,0.06,0.04
3.4068e-06,0.004,-0.004,0.02,0.04
3.4072e-06,-0.012,-0.004,0.02,0.04
3.4076e-06,-0.004,0.004,0.02,0.04
3.4080e-06,-0.004,0.004,0.02,0.08
3.4084e-06,0.004,0.004,0.02,0.04
3.4088e-06,-0.004,-0.004,0.02,0.04
3.4092e-06,0.004,0.004,0.02,0.08
3.4096e-06,-0.004,0.004,0.06,0.08
3.4100e-06,-0.004,0.012,0.02,0.08
3.4104e-06,0.004,-0.004,0.1,0.08
3.4108e-06,0.004,0.004,0.1,0.08
3.4112e-06,-0.012,-0.004,0.06,0.04
3.4116e-06,0.004,-0.004,0.06,0.08
3.4120e-06,0.004,0.004,0.02,0.08
3.4124e-06,0.012,-0.004,0.02,0.04
3.4128e-06,-0.004,-0.004,0.06,0.04
3.4132e-06,-0.004,-0.004,0.06,0.04
3.4136e-06,-0.004,0.004,0.02,0.08
3.4140e-06,0.004,0.004,0.02,0.04
3.4144e-06,-0.004,0.004,0.06,0.08
3.4148e-06,0.004,-0.012,0.06,0.04
3.4152e-06,-0.004,-0.004,0.06,0.08
3.4156e-06,0.004,-0.004,0.02,0.04
3.4160e-06,0.004,0.004,0.06,0.08
3.4164e-06,0.004,-0.004,0.06,0.04
3.4168e-06,-0.004,-0.004,0.02,0
3.4172e-06,-0.004,-0.004,0.06,0
3.4176e-06,0.004,0.004,0.06,0.08
3.4180e-06,0.004,0.004,0.1,0.04
3.4184e-06,-0.004,-0.004,0.02,0.04
3.4188e-06,0.004,-0.004,0.06,0.04
3.4192e-06,-0.004,-0.004,0.06,0
3.4196e-06,0.004,-0.004,0.02,0.04
3.4200e-06,0.004,0.004,-0.02,0.04
3.4204e-06,-0.004,0.004,0.06,0
3.4208e-06,-0.012,-0.004,0.02,0
3.4212e-06,-0.004,-0.012,0.06,0.08
3.4216e-06,-0.004,-0.004,0.02,0
3.4220e-06,-0.004,-0.004,0.06,0.04
3.4224e-06,-0.004,-0.004,0.02,0.04
3.4228e-06,-0.004,-0.004,0.02,0.04
3.4232e-06,0.004,-0.004,0.02,0.04
3.4236e-06,-0.004,-0.012,0.02,0
3.4240e-06,-0.004,-0.012,0.02,0
3.4244e-06,-0.004,-0.012,0.02,0.04
3.4248e-06,-0.004,-0.012,0.02,0.04
3.4252e-06,-0.004,-0.02,0.02,0.08
3.4256e-06,-0.004,-0.02,0.02,0.08
3.4260e-06,-0.004,-0.012,0.02,0.04
3.4264e-06,0.004,-0.012,0.02,0.08
3.4268e-06,0.004,-0.004,0.06,0.08
3.4272e-06,0.004,-0.004,0.02,0.04
3.4276e-06,-0.004,-0.004,0.02,0.08
3.4280e-06,0.004,-0.012,0.06,0.04
3.4284e-06,-0.004,-0.004,-0.02,0.04
3.4288e-06,-0.004,0.004,-0.02,0.08
3.4292e-06,-0.004,0.004,0.06,0.04
3.4296e-06,-0.004,-0.004,0.02,0.04
3.4300e-06,0.004,0.004,0.02,0.04
3.4304e-06,0.004,-0.004,-0.02,0.04
3.4308e-06,-0.012,0.004,0.02,0.04
3.4312e-06,-0.004,0.004,0.06,0.04
3.4316e-06,-0.004,-0.012,0.06,0.04
3.4320e-06,0.004,-0.004,0.02,0.04
3.4324e-06,-0.004,-0.004,0.02,0
3.4328e-06,-0.004,-0.004,-0.02,0.04
3.4332e-06,-0.004,-0.012,0.06,0.08
3.4336e-06,-0.004,0.004,0.06,0
3.4340e-06,-0.012,-0.004,0.06,0.08
3.4344e-06,-0.012,-0.004,0.02,0.04
3.4348e-06,-0.004,-0.004,0.02,0.08
3.4352e-06,-0.012,-0.004,0.06,0.04
3.4356e-06,0.004,-0.012,0.02,0.12
3.4360e-06,0.004,-0.004,0.02,0.04
3.4364e-06,0.004,0.004,-0.02,0.04
3.4368e-06,0.004,0.004,0.02,0.04
3.4372e-06,0.004,-0.004,0.02,0
3.4376e-06,-0.012,-0.004,0.02,0.04
3.4380e-06,-0.004,-0.004,0.02,0.08
3.4384e-06,-0.004,0.004,0.02,0.08
3.4388e-06,-0.004,-0.004,0.02,0.08
3.4392e-06,-0.004,0.004,0.06,0.04
3.4396e-06,-0.004,0.004,0.06,0.04
3.4400e-06,-0.004,0.004,0.02,0.08
3.4404e-06,0.004,0.012,0.06,0.04
3.4408e-06,-0.004,0.004,0.1,0.08
3.4412e-06,-0.004,-0.004,0.06,0.04
3.4416e-06,0.004,0.004,0.06,0.04
3.4420e-06,0.012,-0.004,0.02,0.04
3.4424e-06,-0.004,0.004,0.02,0.04
3.4428e-06,-0.004,0.004,0.02,0.08
3.4432e-06,0.004,0.004,-0.02,0.04
3.4436e-06,-0.004,-0.004,0.02,0.04
3.4440e-06,-0.004,-0.004,0.02,0.04
3.4444e-06,0.012,-0.012,-0.02,0.08
3.4448e-06,0.004,0.012,-0.02,0.08
3.4452e-06,0.004,0.004,0.02,0.08
3.4456e-06,0.004,0.004,0.02,0.08
3.4460e-06,0.004,0.004,0.06,0.08
3.4464e-06,0.004,-0.004,0.02,0.08
3.4468e-06,-0.004,-0.004,0.02,0.08
3.4472e-06,0.004,-0.004,0.06,0.04
3.4476e-06,-0.012,0.004,0.02,0.04
3.4480e-06,0.004,0.004,0.02,0
3.4484e-06,-0.004,0.012,0.02,0
3.4488e-06,0.004,0.012,0.02,0.08
3.4492e-06,-0.004,0.004,0.02,0.04
3.4496e-06,0.004,0.004,0.06,0.04
3.4500e-06,0.004,-0.004,-0.02,0.08
3.4504e-06,0.004,-0.004,0.02,0.04
3.4508e-06,0.004,-0.004,0.02,0.04
3.4512e-06,0.004,0.004,0.06,0.04
3.4516e-06,0.004,0.004,0.06,0.08
3.4520e-06,0.004,0.004,0.02,0.04
3.4524e-06,0.004,0.004,0.02,0.04
3.4528e-06,0.004,0.004,0.06,0.08
3.4532e-06,0.004,0.004,0.06,0.04
3.4536e-06,-0.004,-0.004,0.06,0.04
3.4540e-06,-0.012,-0.004,0.02,0.04
3.4544e-06,-0.012,-0.004,0.02,0.04
3.4548e-06,-0.012,0.004,0.06,0.04
3.4552e-06,0.004,0.004,0.06,0.08
3.4556e-06,-0.012,0.004,0.02,0.08
3.4560e-06,-0.004,0.004,0.02,0.08
3.4564e-06,-0.004,-0.004,-0.02,0.08
3.4568e-06,-0.012,-0.004,0.06,0.04
3.4572e-06,-0.004,-0.004,0.02,0.08
3.4576e-06,-0.004,0.004,-0.02,0.08
3.4580e-06,-0.004,-0.004,0.02,0.04
3.4584e-06,-0.004,-0.004,0.02,0.04
3.4588e-06,-0.004,-0.004,0.06,0.04
3.4592e-06,-0.004,-0.004,-0.02,0.08
3.4596e-06,-0.004,0.004,0.06,0.04
3.4600e-06,-0.004,-0.004,0.02,0.04
3.4604e-06,0.004,0.004,-0.02,0.04
3.4608e-06,-0.004,0.004,0.02,0
3.4612e-06,0.004,-0.004,0.06,0.04
3.4616e-06,-0.004,0.004,0.06,0.12
3.4620e-06,-0.012,0.004,0.02,0.08
3.4624e-06,0.004,0.004,-0.02,0.04
3.4628e-06,-0.004,0.004,0.06,0.08
3.4632e-06,0.004,-0.004,0.02,0.04
3.4636e-06,0.004,0.004,0.02,0.04
3.4640e-06,-0.004,0.004,0.02,0.04
3.4644e-06,0.004,0.004,0.02,0.04
3.4648e-06,0.004,0.004,0.02,0.08
3.4652e-06,-0.004,-0.004,0.02,0
3.4656e-06,-0.004,-0.004,0.02,0
3.4660e-06,-0.004,-0.012,0.06,0.08
3.4664e-06,0.004,0.004,0.02,0.12
3.4668e-06,-0.012,-0.004,0.02,0.08
3.4672e-06,-0.004,-0.012,0.02,0.04
3.4676e-06,-0.004,0.004,0.02,0.04
3.4680e-06,0.004,0.004,0.06,0.08
3.4684e-06,0.004,-0.004,0.06,0.12
3.4688e-06,-0.004,-0.004,0.02,0.04
3.4692e-06,0.004,-0.004,0.06,0.08
3.4696e-06,0.004,0.004,0.02,0.08
3.4700e-06,0.004,-0.004,0.02,0.08
3.4704e-06,-0.004,0.004,0.06,0.04
3.4708e-06,-0.004,0.004,0.02,0.04
3.4712e-06,-0.004,-0.004,0.02,0.08
3.4716e-06,-0.004,0.004,0.06,0.08
3.4720e-06,0.004,-0.004,0.02,0.04
3.4724e-06,-0.004,-0.004,0.1,0.04
3.4728e-06,-0.004,-0.004,0.02,0
3.4732e-06,-0.004,-0.004,0.02,0.04
3.4736e-06,0.004,-0.004,0.06,0.08
3.4740e-06,-0.004,0.004,0.02,0.08
3.4744e-06,-0.012,0.004,0.02,0.08
3.4748e-06,0.004,0.004,0.06,0.08
3.4752e-06,0.004,0.004,0.1,0.08
3.4756e-06,-0.004,-0.004,0.02,0.04
3.4760e-06,-0.004,-0.004,0.06,0.08
3.4764e-06,-0.004,-0.004,0.06,0.04
3.4768e-06,-0.004,0.012,0.02,0.04
3.4772e-06,-0.004,0.004,0.02,0.04
3.4776e-06,0.004,0.004,0.02,0.08
3.4780e-06,0.004,0.004,0.06,0.08
3.4784e-06,0.004,-0.012,0.02,0.04
3.4788e-06,-0.004,-0.004,-0.02,0.08
3.4792e-06,-0.004,-0.004,0.02,0.08
3.4796e-06,0.004,-0.004,0.06,0.04
3.4800e-06,0.004,-0.004,0.02,0.08
3.4804e-06,-0.004,-0.004,0.06,0.08
3.4808e-06,0.004,-0.004,0.06,0.04
3.4812e-06,-0.004,-0.004,0.02,0.04
3.4816e-06,0.004,0.004,0.06,0.08
3.4820e-06,-0.004,-0.004,0.06,0.04
3.4824e-06,0.004,0.004,0.02,0.04
3.4828e-06,0.004,-0.004,0.02,0.04
3.4832e-06,-0.004,0.004,0.02,0.04
3.4836e-06,-0.004,0.004,0.02,0.04
3.4840e-06,0.004,0.004,0.02,0.04
3.4844e-06,-0.004,-0.004,0.02,0.08
3.4848e-06,0.004,-0.012,-0.02,0
3.4852e-06,0.004,-0.012,0.02,0.04
3.4856e-06,0.004,-0.012,-0.02,0.04
3.4860e-06,0.004,-0.012,0.06,0.04
3.4864e-06,0.004,-0.02,0.06,0.12
3.4868e-06,0.004,-0.012,0.02,0.04
3.4872e-06,-0.004,-0.02,0.06,0.04
3.4876e-06,0.004,-0.02,0.06,0.04
3.4880e-06,0.004,-0.012,0.02,0.04
3.4884e-06,-0.004,-0.004,0.02,0.08
3.4888e-06,-0.004,-0.012,0.06,0.04
3.4892e-06,0.004,-0.012,0.02,0.08
3.4896e-06,0.004,-0.004,0.06,0.04
3.4900e-06,0.004,-0.004,0.02,0.04
3.4904e-06,-0.004,-0.004,0.06,0.04
3.4908e-06,-0.004,-0.012,0.06,0.04
3.4912e-06,0.004,-0.004,0.02,0.08
3.4916e-06,0.004,-0.004,0.1,0
3.4920e-06,-0.004,-0.004,0.02,0.04
3.4924e-06,-0.004,-0.012,0.1,0.04
3.4928e-06,-0.004,-0.012,0.02,0.08
3.4932e-06,-0.004,-0.004,0.1,0.04
3.4936e-06,0.004,0.004,0.06,0.04
3.4940e-06,-0.004,0.004,0.02,0.04
3.4944e-06,-0.004,-0.004,0.06,0.08
3.4948e-06,-0.004,-0.004,0.06,0.04
3.4952e-06,-0.012,-0.004,0.02,0.08
3.4956e-06,-0.004,-0.004,0.02,0.04
3.4960e-06,-0.004,-0.004,0.02,0.08
3.4964e-06,-0.004,-0.004,0.02,0.08
3.4968e-06,-0.004,0.004,0.06,0.04
3.4972e-06,0.004,-0.004,0.06,0.04
3.4976e-06,-0.004,0.004,0.1,0.04
3.4980e-06,-0.004,0.004,0.06,0.04
3.4984e-06,-0.004,0.004,0.02,0.04
3.4988e-06,0.004,0.004,0.02,0
3.4992e-06,0.004,-0.004,0.02,0
3.4996e-06,-0.004,-0.004,0.06,0.04
3.5000e-06,-0.004,-0.004,0.02,0.04
3.5004e-06,0.004,0.004,0.02,0.04
3.5008e-06,-0.004,-0.004,0.02,0.08
3.5012e-06,0.004,-0.004,0.02,0.08
3.5016e-06,-0.004,-0.004,0.02,0.04
3.5020e-06,0.012,-0.004,0.02,0.08
3.5024e-06,0.004,-0.004,0.02,0.04
3.5028e-06,0.004,-0.004,0.02,0.08
3.5032e-06,-0.004,0.004,0.02,0.04
3.5036e-06,-0.004,0.004,0.02,0.08
3.5040e-06,0.004,-0.004,0.02,0.08
3.5044e-06,0.004,-0.004,0.06,0.04
3.5048e-06,-0.004,0.004,0.02,0.08
3.5052e-06,-0.004,-0.012,0.06,0.08
3.5056e-06,0.012,0.004,0.06,0.08
3.5060e-06,0.004,-0.004,0.02,0.04
3.5064e-06,0.004,0.004,0.02,0.04
3.5068e-06,-0.004,-0.004,0.02,0.08
3.5072e-06,-0.004,-0.004,0.02,0.04
3.5076e-06,-0.004,-0.012,-0.02,0.08
3.5080e-06,0.004,-0.004,0.1,0.08
3.5084e-06,-0.004,-0.004,0.02,0.08
3.5088e-06,0.004,-0.004,0.06,0.08
3.5092e-06,-0.004,-0.004,0.02,0.04
3.5096e-06,0.004,-0.004,0.02,0.04
3.5100e-06,0.004,-0.004,0.06,0.04
3.5104e-06,-0.004,0.004,0.06,0.08
3.5108e-06,-0.004,0.004,0.02,0.08
3.5112e-06,-0.004,-0.004,0.06,0.08
3.5116e-06,0.004,-0.004,0.06,0.08
3.5120e-06,0.004,-0.004,0.06,0.04
3.5124e-06,-0.004,-0.004,0.02,0.04
3.5128e-06,-0.004,0.004,-0.02,0.04
3.5132e-06,0.004,0.004,-0.02,0.08
3.5136e-06,0.004,0.004,-0.02,0.08
3.5140e-06,0.004,0.004,0.02,0.08
3.5144e-06,-0.004,0.004,0.02,0.08
3.5148e-06,0.004,-0.004,0.02,0.08
3.5152e-06,-0.004,-0.004,0.02,0.08
3.5156e-06,-0.004,-0.004,0.06,0.04
3.5160e-06,-0.004,-0.004,0.06,0.04
3.5164e-06,0.004,-0.004,0.02,0.08
3.5168e-06,-0.004,-0.004,0.06,0.08
3.5172e-06,-0.004,0.004,0.06,0.04
3.5176e-06,0.004,0.004,0.06,0
3.5180e-06,0.004,0.004,0.06,0.04
3.5184e-06,-0.004,0.012,0.1,0
3.5188e-06,-0.004,-0.004,0.06,0.08
3.5192e-06,-0.004,0.004,0.02,0.04
3.5196e-06,0.004,-0.004,0.06,0.08
3.5200e-06,-0.004,-0.012,0.02,0.04
3.5204e-06,0.004,-0.004,0.06,0.04
3.5208e-06,0.004,-0.012,0.02,0.04
3.5212e-06,0.004,-0.004,0.02,0.08
3.5216e-06,0.004,0.004,0.06,0.04
3.5220e-06,0.004,-0.004,0.02,0.04
3.5224e-06,0.004,-0.004,0.06,0.12
3.5228e-06,-0.004,-0.004,0.02,0.04
3.5232e-06,-0.004,-0.004,0.02,0.04
3.5236e-06,0.004,-0.004,0.02,0.04
3.5240e-06,0.004,0.004,0.02,0.08
3.5244e-06,0.004,0.004,0.02,0.04
3.5248e-06,0.004,-0.004,0.06,0.04
3.5252e-06,-0.004,0.004,0.06,0.08
3.5256e-06,-0.004,0.004,0.02,0.04
3.5260e-06,0.012,0.004,0.06,0.04
3.5264e-06,0.004,0.004,0.02,0.04
3.5268e-06,0.004,-0.012,0.06,0.08
3.5272e-06,-0.004,-0.004,0.02,0.04
3.5276e-06,0.004,-0.004,0.02,0
3.5280e-06,-0.004,-0.004,0.02,0
3.5284e-06,0.004,-0.004,0.06,0.04
3.5288e-06,-0.004,-0.004,0.06,0.08
3.5292e-06,-0.004,-0.004,0.06,0.08
3.5296e-06,-0.004,-0.012,0.02,0.08
3.5300e-06,0.004,0.004,0.02,0.04
3.5304e-06,0.004,-0.004,0.02,0
3.5308e-06,0.004,-0.004,0.06,0.04
3.5312e-06,0.004,0.012,-0.02,0.08
3.5316e-06,0.004,0.004,0.02,0.08
3.5320e-06,-0.004,0.004,0.02,0.04
3.5324e-06,-0.004,-0.004,0.06,0.08
3.5328e-06,0.004,-0.004,0.02,0.08
3.5332e-06,0.004,-0.004,0.02,0.04
3.5336e-06,0.004,-0.004,0.02,0.04
3.5340e-06,0.004,-0.004,0.02,0.08
3.5344e-06,-0.004,-0.004,0.02,0.08
3.5348e-06,-0.012,0.004,0.06,0.04
3.5352e-06,0.004,-0.004,0.02,0.08
3.5356e-06,0.012,-0.004,0.06,0.08
3.5360e-06,0.004,-0.004,0.06,0.08
3.5364e-06,-0.004,-0.012,0.02,0
3.5368e-06,-0.004,-0.004,0.02,0
3.5372e-06,0.004,-0.004,-0.02,0.04
3.5376e-06,0.004,-0.004,0.02,0
3.5380e-06,-0.004,-0.004,0.02,0.08
3.5384e-06,-0.004,-0.004,0.06,0.08
3.5388e-06,-0.004,0.004,0.1,0.04
3.5392e-06,0.004,-0.012,0.02,0.08
3.5396e-06,-0.012,-0.004,0.06,0.04
3.5400e-06,-0.004,-0.004,-0.02,0.08
3.5404e-06,-0.012,0.004,0.02,0.08
3.5408e-06,0.004,0.004,0.02,0.04
3.5412e-06,0.004,-0.004,-0.02,0.08
3.5416e-06,-0.004,-0.004,0.02,0.04
3.5420e-06,-0.004,-0.012,0.02,0
3.5424e-06,0.004,-0.012,-0.02,0
3.5428e-06,0.004,-0.004,0.02,0.04
3.5432e-06,-0.004,-0.004,0.02,0.04
3.5436e-06,0.004,-0.004,0.02,0.04
3.5440e-06,0.004,-0.004,0.02,0.08
3.5444e-06,0.004,-0.02,-0.02,0.04
3.5448e-06,-0.004,-0.004,0.06,0.08
3.5452e-06,0.004,0.004,0.06,0
3.5456e-06,-0.004,-0.004,0.02,0.04
3.5460e-06,-0.004,0.004,0.02,0.04
3.5464e-06,0.004,-0.004,-0.02,0.08
3.5468e-06,-0.004,-0.004,0.02,0.08
3.5472e-06,-0.004,0.004,0.02,0.04
3.5476e-06,0.004,0.004,-0.02,0.04
3.5480e-06,-0.004,0.004,0.06,0.08
3.5484e-06,-0.004,-0.004,0.1,0.04
3.5488e-06,-0.004,-0.004,0.02,0
3.5492e-06,-0.004,0.004,0.06,0.04
3.5496e-06,-0.004,0.004,0.02,0.04
3.5500e-06,0.004,0.004,0.02,0.08
3.5504e-06,0.004,-0.004,0.02,0.04
3.5508e-06,0.004,0.004,0.02,0.08
3.5512e-06,0.004,0.004,0.02,0.04
3.5516e-06,-0.004,0.004,0.02,0.08
3.5520e-06,-0.012,0.004,0.02,0.08
3.5524e-06,-0.004,-0.004,0.02,0.08
3.5528e-06,0.004,-0.004,0.06,0.08
3.5532e-06,0.004,0.004,0.02,0.04
3.5536e-06,-0.012,-0.004,0.06,0.04
3.5540e-06,-0.004,0.004,0.02,0.08
3.5544e-06,0.004,-0.004,0.02,0.04
3.5548e-06,0.004,-0.004,0.06,0.04
3.5552e-06,0.004,0.004,0.02,0.08
3.5556e-06,-0.004,0.004,0.02,0.04
3.5560e-06,-0.004,-0.004,-0.02,0
3.5564e-06,-0.004,0.012,0.02,0
3.5568e-06,0.004,0.004,0.02,0.04
3.5572e-06,-0.004,-0.012,0.02,0.08
3.5576e-06,0.004,0.004,0.06,0.04
3.5580e-06,0.004,0.004,0.02,0.04
3.5584e-06,0.004,0.004,-0.02,0.04
3.5588e-06,0.012,-0.004,0.06,0.04
3.5592e-06,0.004,0.004,0.02,0.08
3.5596e-06,-0.004,0.004,0.02,0.08
3.5600e-06,-0.004,-0.004,0.06,0.04
3.5604e-06,-0.004,0.004,0.02,0.12
3.5608e-06,-0.012,-0.004,0.02,0.08
3.5612e-06,-0.004,-0.004,0.06,0.08
3.5616e-06,-0.004,-0.004,0.02,0.08
3.5620e-06,-0.004,-0.004,0.02,0
3.5624e-06,-0.004,0.004,0.02,0.04
3.5628e-06,0.004,-0.004,0.06,0.04
3.5632e-06,-0.004,-0.004,0.02,0.08
3.5636e-06,0.004,-0.004,0.02,0.08
3.5640e-06,0.004,0.004,0.02,0.08
3.5644e-06,0.004,-0.004,0.06,0.04
3.5648e-06,-0.004,-0.004,0.1,0.08
3.5652e-06,-0.004,-0.004,0.06,0.08
3.5656e-06,0.004,0.004,0.06,0.12
3.5660e-06,-0.004,0.004,0.06,0.04
3.5664e-06,-0.004,-0.004,-0.02,0.04
3.5668e-06,-0.004,0.004,0.02,0.04
3.5672e-06,-0.004,0.004,-0.02,0.04
3.5676e-06,0.004,0.004,0.06,0.08
3.5680e-06,0.012,-0.004,-0.02,0.04
3.5684e-06,-0.012,0.004,0.02,0.08
3.5688e-06,-0.004,-0.004,0.02,0.08
3.5692e-06,-0.004,0.004,0.02,0.08
3.5696e-06,-0.012,0.004,0.02,0.04
3.5700e-06,0.004,-0.004,0.06,0.04
3.5704e-06,-0.004,-0.004,-0.02,0.08
3.5708e-06,-0.004,-0.004,0.02,0.04
3.5712e-06,0.004,-0.004,0.02,0.08
3.5716e-06,0.004,0.004,0.02,0.04
3.5720e-06,-0.004,-0.004,0.06,0.04
3.5724e-06,0.004,0.004,0.06,0.04
3.5728e-06,-0.004,0.004,0.06,0.04
3.5732e-06,-0.004,-0.004,0.1,0
3.5736e-06,0.004,0.004,0.06,0.04
3.5740e-06,0.004,-0.004,0.06,0.08
3.5744e-06,-0.004,-0.012,0.06,0.08
3.5748e-06,0.004,-0.012,0.02,0.08
3.5752e-06,0.004,-0.004,0.02,0.08
3.5756e-06,0.004,0.004,0.06,0.04
3.5760e-06,-0.012,-0.004,0.06,0.04
3.5764e-06,0.004,-0.004,0.06,0.08
3.5768e-06,-0.004,-0.004,0.02,0.08
3.5772e-06,0.004,0.012,0.02,0.08
3.5776e-06,-0.004,0.004,0.02,0.08
3.5780e-06,0.004,0.004,-0.02,0.04
3.5784e-06,-0.004,0.004,-0.02,0.04
3.5788e-06,-0.004,0.004,0.02,0
3.5792e-06,0.004,-0.012,0.02,0.08
3.5796e-06,0.004,0.004,0.06,0.04
3.5800e-06,-0.004,-0.004,0.02,0.04
3.5804e-06,-0.004,-0.004,0.02,0.04
3.5808e-06,-0.012,0.004,0.02,0
3.5812e-06,-0.004,0.004,0.02,0.04
3.5816e-06,-0.004,0.004,0.06,0.08
3.5820e-06,-0.012,0.004,0.06,0.04
3.5824e-06,-0.004,-0.004,0.06,0
3.5828e-06,-0.004,-0.004,0.02,0.04
3.5832e-06,-0.004,-0.004,0.02,0.04
3.5836e-06,-0.004,0.004,0.02,0.04
3.5840e-06,-0.004,-0.004,0.06,0.08
3.5844e-06,-0.004,0.004,0.06,0.04
3.5848e-06,0.004,-0.004,0.06,0.04
3.5852e-06,0.004,-0.004,0.06,0
3.5856e-06,-0.004,0.004,0.02,0.08
3.5860e-06,-0.004,0.004,-0.02,0.04
3.5864e-06,-0.004,0.004,0.02,0.04
3.5868e-06,0.004,-0.004,0.06,0.08
3.5872e-06,0.004,0.004,0.06,0
3.5876e-06,-0.004,0.004,0.06,0.04
3.5880e-06,0.004,-0.004,0.02,0.04
3.5884e-06,0.004,-0.004,0.06,0.04
3.5888e-06,0.004,-0.004,0.06,0.04
3.5892e-06,-0.004,0.004,0.02,0.04
3.5896e-06,0.004,-0.004,0.02,0.08
3.5900e-06,-0.004,0.004,-0.02,0.04
3.5904e-06,-0.004,-0.004,0.02,0.04
3.5908e-06,0.004,0.004,-0.02,0.04
3.5912e-06,0.004,0.004,-0.02,0.08
3.5916e-06,-0.004,0.004,0.06,0.08
3.5920e-06,0.012,0.004,0.02,0.04
3.5924e-06,-0.004,0.004,0.02,0.04
3.5928e-06,-0.004,-0.004,-0.02,0.04
3.5932e-06,-0.004,-0.004,0.02,0.04
3.5936e-06,-0.004,0.004,0.02,0.04
3.5940e-06,-0.004,-0.004,0.06,0.08
3.5944e-06,-0.004,0.004,0.02,0.08
3.5948e-06,-0.004,0.004,-0.02,0.04
3.5952e-06,-0.012,-0.004,0.02,0.08
3.5956e-06,-0.02,0.004,-0.02,0.04
3.5960e-06,-0.02,-0.012,0.02,0.04
3.5964e-06,-0.012,0.004,0.02,0.08
3.5968e-06,-0.012,0.004,-0.02,0.04
3.5972e-06,-0.012,0.004,-0.02,0.08
3.5976e-06,-0.004,0.004,-0.02,0.08
3.5980e-06,-0.004,-0.004,0.02,0.04
3.5984e-06,-0.012,0.004,0.06,0.08
3.5988e-06,-0.012,-0.004,0.06,0.08
3.5992e-06,0.004,-0.004,0.1,0.04
3.5996e-06,-0.004,0.004,0.02,0.04
3.6000e-06,0.004,0.004,0.06,0.04
3.6004e-06,-0.004,0.004,0.02,0.04
3.6008e-06,-0.004,0.004,0.02,0.04
3.6012e-06,-0.004,-0.004,-0.02,0.08
3.6016e-06,0.012,-0.004,-0.02,0.04
3.6020e-06,0.004,-0.004,0.1,0.08
3.6024e-06,-0.004,-0.004,-0.02,0.08
3.6028e-06,0.004,0.004,-0.02,0.08
3.6032e-06,-0.004,0.004,-0.02,0.04
3.6036e-06,0.004,0.004,0.02,0.08
3.6040e-06,0.004,0.004,0.02,0.08
3.6044e-06,-0.004,-0.004,0.02,0.04
3.6048e-06,-0.004,0.004,0.06,0
3.6052e-06,0.004,0.004,0.06,0.04
3.6056e-06,-0.004,0.004,0.06,0.08
3.6060e-06,-0.012,-0.004,0.02,0.04
3.6064e-06,-0.004,-0.004,0.02,0.04
3.6068e-06,-0.004,-0.004,0.06,0
3.6072e-06,-0.004,0.004,0.06,0.04
3.6076e-06,0.004,-0.004,0.06,0.04
3.6080e-06,-0.012,-0.004,0.02,0.04
3.6084e-06,0.004,-0.004,0.02,0.08
3.6088e-06,-0.004,-0.004,-0.02,0.04
3.6092e-06,0.004,-0.004,0.02,0.04
3.6096e-06,0.004,-0.012,0.02,0.04
3.6100e-06,-0.004,-0.004,0.02,0
3.6104e-06,-0.004,0.004,0.02,0.04
3.6108e-06,0.004,0.004,-0.02,0.08
3.6112e-06,0.004,0.004,0.06,0.04
3.6116e-06,0.004,-0.004,0.02,0.04
3.6120e-06,-0.004,-0.004,0.06,0.08
3.6124e-06,0.004,-0.004,0.02,0.04
3.6128e-06,-0.004,-0.004,0.02,0.08
3.6132e-06,0.012,-0.004,-0.02,0
3.6136e-06,-0.004,-0.004,0.02,0.04
3.6140e-06,-0.004,-0.004,0.02,0.04
3.6144e-06,-0.004,-0.004,0.06,0.04
3.6148e-06,0.004,-0.004,-0.02,0.04
3.6152e-06,-0.004,0.004,-0.02,0.04
3.6156e-06,0.004,-0.004,-0.02,0.04
3.6160e-06,-0.004,-0.004,0.02,0.04
3.6164e-06,-0.004,0.004,0.06,0
3.6168e-06,0.004,0.004,0.06,0.04
3.6172e-06,0.004,0.004,0.06,0.04
3.6176e-06,0.004,0.004,0.06,0.04
3.6180e-06,0.004,-0.004,0.02,0
3.6184e-06,-0.012,-0.004,0.02,0.04
3.6188e-06,-0.004,-0.004,0.06,0.04
3.6192e-06,-0.004,-0.004,0.06,0.04
3.6196e-06,0.004,-0.004,-0.02,0.04
3.6200e-06,0.004,0.004,0.02,0.04
3.6204e-06,0.004,0.004,0.06,0.08
3.6208e-06,0.004,0.004,0.06,0.08
3.6212e-06,-0.004,0.004,0.02,0.08
3.6216e-06,0.004,0.004,0.1,0.04
3.6220e-06,0.004,0.004,0.02,0
3.6224e-06,-0.004,0.004,0.02,0
3.6228e-06,-0.004,-0.004,0.06,0.04
3.6232e-06,0.004,-0.004,0.06,0.04
3.6236e-06,0.004,-0.004,-0.02,0.04
3.6240e-06,-0.004,-0.004,0.02,0.04
3.6244e-06,-0.004,-0.004,0.06,0
3.6248e-06,0.004,0.004,0.02,0.08
3.6252e-06,0.012,0.004,-0.02,0.08
3.6256e-06,0.004,-0.004,0.02,0.04
3.6260e-06,0.004,0.004,-0.02,0.04
3.6264e-06,-0.004,0.004,0.06,0.04
3.6268e-06,0.004,0.004,0.02,0.04
3.6272e-06,0.004,-0.004,0.02,0.04
3.6276e-06,-0.004,0.004,0.06,0.04
3.6280e-06,-0.012,-0.004,0.06,0.04
3.6284e-06,-0.004,-0.004,-0.02,0.04
3.6288e-06,-0.004,-0.004,-0.02,0.04
3.6292e-06,-0.004,-0.004,-0.02,0.08
3.6296e-06,0.004,-0.004,0.02,0.04
3.6300e-06,0.004,0.004,0.02,0.04
3.6304e-06,-0.004,0.004,0.02,0.08
3.6308e-06,0.004,-0.004,0.02,0.04
3.6312e-06,0.004,-0.012,0.02,0
3.6316e-06,0.004,0.004,-0.02,0
3.6320e-06,-0.012,-0.004,-0.02,0.04
3.6324e-06,-0.004,-0.004,0.02,0
3.6328e-06,-0.004,-0.004,0.02,0.04
3.6332e-06,0.004,0.004,0.02,0.08
3.6336e-06,0.004,-0.004,0.06,0.08
3.6340e-06,0.004,-0.004,0.06,0.08
3.6344e-06,-0.004,-0.004,0.06,0.04
3.6348e-06,-0.004,-0.004,0.06,0.12
3.6352e-06,-0.012,0.004,0.02,0.04
3.6356e-06,0.004,0.004,0.02,0.08
3.6360e-06,0.004,-0.004,0.06,0.04
3.6364e-06,-0.004,-0.004,0.02,0.04
3.6368e-06,-0.004,0.004,-0.02,0.04
3.6372e-06,0.012,-0.004,-0.02,0.04
3.6376e-06,0.004,0.004,0.02,0.04
3.6380e-06,-0.004,0.004,-0.02,0
3.6384e-06,-0.004,-0.004,0.02,0.04
3.6388e-06,-0.004,0.004,0.02,0.04
3.6392e-06,-0.012,0.004,0.02,0.04
3.6396e-06,-0.004,0.012,-0.02,0.08
3.6400e-06,-0.004,-0.004,0.02,0.04
3.6404e-06,-0.012,-0.004,0.02,0.04
3.6408e-06,-0.004,-0.004,0.02,0.04
3.6412e-06,0.004,-0.004,0.02,0
3.6416e-06,0.004,-0.004,0.06,0.04
3.6420e-06,0.004,0.004,0.06,0.04
3.6424e-06,-0.004,-0.012,0.06,0.04
3.6428e-06,-0.004,-0.004,0.02,0.04
3.6432e-06,-0.012,-0.004,0.02,0.08
3.6436e-06,-0.004,-0.004,-0.02,0.08
3.6440e-06,-0.004,0.004,0.02,0.04
3.6444e-06,-0.004,0.004,0.02,0.04
3.6448e-06,0.004,0.004,0.06,0.04
3.6452e-06,-0.004,0.004,0.02,0.04
3.6456e-06,0.004,0.004,0.06,0.08
3.6460e-06,0.004,-0.004,0.06,0.04
3.6464e-06,0.004,-0.012,0.06,0.04
3.6468e-06,-0.012,-0.004,0.06,0
3.6472e-06,-0.004,-0.004,0.02,0.08
3.6476e-06,-0.004,0.004,-0.02,0.08
3.6480e-06,-0.004,-0.004,0.06,0.08
3.6484e-06,-0.004,0.004,0.02,0
3.6488e-06,-0.004,-0.004,0.06,0.04
3.6492e-06,-0.004,-0.004,0.02,0
3.6496e-06,-0.004,-0.004,0.06,0.04
3.6500e-06,-0.004,0.004,0.06,0.08
3.6504e-06,-0.004,0.004,0.06,0
3.6508e-06,-0.004,0.004,0.02,0
3.6512e-06,0.004,0.004,0.02,0.08
3.6516e-06,-0.004,0.004,0.06,0.08
3.6520e-06,-0.012,-0.004,0.02,0.04
3.6524e-06,-0.004,-0.004,-0.02,0.04
3.6528e-06,-0.004,0.004,0.02,0.04
3.6532e-06,0.004,0.004,0.02,0.04
3.6536e-06,-0.004,-0.004,0.02,0.04
3.6540e-06,0.004,-0.004,0.02,0.04
3.6544e-06,0.004,0.004,0.06,0.08
3.6548e-06,0.004,0.004,-0.02,0.08
3.6552e-06,0.004,-0.004,0.02,0.04
3.6556e-06,-0.012,0.004,0.02,0.08
3.6560e-06,0.004,0.004,0.06,0.04
3.6564e-06,-0.004,-0.004,0.06,0.04
3.6568e-06,0.004,-0.004,0.02,0.08
3.6572e-06,0.012,-0.004,0.06,0.04
3.6576e-06,-0.004,-0.004,0.02,0.04
3.6580e-06,0.004,-0.004,0.06,0.08
3.6584e-06,-0.004,-0.004,0.02,0.04
3.6588e-06,0.012,-0.012,0.02,0.04
3.6592e-06,0.004,0.004,0.02,0.04
3.6596e-06,-0.004,-0.004,0.06,0.04
3.6600e-06,-0.004,0.004,0.02,0.04
3.6604e-06,0.004,0.004,0.02,0.04
3.6608e-06,0.004,-0.004,0.06,0.04
3.6612e-06,0.004,-0.004,0.06,0.04
3.6616e-06,0.004,0.004,0.1,0.08
3.6620e-06,-0.004,0.004,0.06,0.08
3.6624e-06,-0.004,0.004,0.02,0.08
3.6628e-06,0.004,-0.004,0.06,0.04
3.6632e-06,0.004,0.004,0.02,0.04
3.6636e-06,0.004,-0.004,0.02,0.08
3.6640e-06,-0.012,-0.004,0.02,0.08
3.6644e-06,-0.004,0.004,0.06,0.04
3.6648e-06,0.004,0.004,0.02,0.04
3.6652e-06,-0.004,-0.004,0.02,0.08
3.6656e-06,0.004,-0.004,0.06,0.08
3.6660e-06,-0.004,-0.004,0.06,0.08
3.6664e-06,-0.004,0.004,0.02,0.04
3.6668e-06,0.004,-0.004,-0.06,0.08
3.6672e-06,-0.004,0.004,0.02,0.04
3.6676e-06,-0.012,-0.004,0.02,0.08
3.6680e-06,0.004,-0.004,-0.02,0.08
3.6684e-06,0.004,-0.004,-0.02,0.04
3.6688e-06,-0.004,-0.012,0.02,0.04
3.6692e-06,-0.004,-0.004,0.02,0.08
3.6696e-06,-0.004,-0.004,0.02,0.04
3.6700e-06,-0.012,-0.004,0.02,0.12
3.6704e-06,-0.02,-0.004,0.06,0.04
3.6708e-06,-0.02,-0.012,0.06,0.04
3.6712e-06,-0.02,-0.004,0.06,0.08
3.6716e-06,-0.012,0.004,0.06,0.08
3.6720e-06,-0.012,-0.004,0.02,0.08
3.6724e-06,-0.004,-0.004,0.02,0.04
3.6728e-06,-0.012,0.004,-0.02,0.08
3.6732e-06,0.004,0.004,0.06,0.04
3.6736e-06,0.004,-0.004,0.06,0.08
3.6740e-06,0.004,0.004,0.06,0.04
3.6744e-06,-0.004,-0.004,0.06,0.04
3.6748e-06,-0.004,-0.004,0.02,0.04
3.6752e-06,0.004,-0.004,0.02,0.04
3.6756e-06,-0.012,-0.004,0.06,0.04
3.6760e-06,-0.004,-0.004,0.06,0.04
3.6764e-06,-0.004,-0.004,0.02,0.08
3.6768e-06,-0.004,0.004,0.02,0.04
3.6772e-06,0.004,-0.004,-0.02,0.08
3.6776e-06,-0.004,-0.004,0.06,0
3.6780e-06,-0.004,-0.004,0.1,0.04
3.6784e-06,-0.004,-0.004,0.06,0.08
3.6788e-06,0.004,-0.004,-0.02,0.04
3.6792e-06,0.004,0.004,-0.02,0.04
3.6796e-06,0.004,-0.004,0.02,0.04
3.6800e-06,0.004,-0.004,-0.02,0.08
3.6804e-06,0.004,0.004,0.02,0.08
3.6808e-06,0.004,-0.004,0.02,0.08
3.6812e-06,0.004,0.004,0.02,0.08
3.6816e-06,0.004,0.004,-0.02,0.04
3.6820e-06,-0.012,0.004,0.02,0
3.6824e-06,-0.004,0.004,0.06,0.08
3.6828e-06,-0.004,0.004,0.02,0.04
3.6832e-06,0.004,0.004,0.02,0.08
3.6836e-06,0.004,0.004,0.02,0.04
3.6840e-06,-0.012,-0.004,0.02,0.04
3.6844e-06,-0.004,0.004,0.02,0.08
3.6848e-06,0.004,0.004,0.06,0.08
3.6852e-06,-0.004,-0.004,0.06,0.08
3.6856e-06,-0.004,0.004,-0.02,0.04
3.6860e-06,0.004,-0.004,-0.02,0.12
3.6864e-06,0.004,0.004,0.06,0.08
3.6868e-06,-0.004,-0.004,0.06,0.08
3.6872e-06,0.004,0.004,0.06,0.04
3.6876e-06,0.004,0.004,-0.02,0.04
3.6880e-06,-0.012,-0.004,0.02,0.04
3.6884e-06,0.004,0.004,0.02,0.08
3.6888e-06,0.004,0.004,0.02,0.08
3.6892e-06,0.004,0.004,-0.02,0.04
3.6896e-06,0.012,0.004,-0.02,0.04
3.6900e-06,-0.004,0.004,0.02,0.04
3.6904e-06,0.004,-0.004,-0.02,0.08
3.6908e-06,-0.004,-0.004,0.06,0.08
3.6912e-06,-0.004,-0.004,0.02,0.04
3.6916e-06,0.004,0.004,0.02,0.04
3.6920e-06,-0.004,0.004,0.02,0.04
3.6924e-06,0.004,0.004,0.06,0.04
3.6928e-06,0.004,-0.004,0.02,0.04
3.6932e-06,0.004,-0.012,0.06,0.08
3.6936e-06,-0.004,0.004,0.06,0.04
3.6940e-06,-0.012,-0.004,0.02,0.08
3.6944e-06,-0.004,0.004,0.06,0.08
3.6948e-06,0.004,-0.012,0.02,0
3.6952e-06,-0.004,-0.012,0.02,0.08
3.6956e-06,-0.004,-0.012,-0.02,0.04
3.6960e-06,-0.004,-0.012,0.02,0.04
3.6964e-06,0.004,-0.012,0.02,0.04
3.6968e-06,-0.012,-0.012,0.02,0.04
3.6972e-06,0.004,-0.012,0.02,0.04
3.6976e-06,-0.004,-0.012,0.06,0.04
3.6980e-06,-0.012,-0.012,0.02,0.04
3.6984e-06,-0.004,-0.012,0.06,0.04
3.6988e-06,0.004,-0.012,0.02,0.08
3.6992e-06,-0.004,-0.004,0.02,0.04
3.6996e-06,-0.004,-0.004,0.02,0.04
3.7000e-06,0.004,-0.004,0.02,0.04
3.7004e-06,0.004,-0.004,0.02,0.08
3.7008e-06,-0.004,-0.004,0.02,0.04
3.7012e-06,0.004,-0.004,0.02,0.04
3.7016e-06,0.004,-0.004,0.06,0.04
3.7020e-06,-0.012,0.004,0.1,0.04
3.7024e-06,-0.004,0.004,0.02,0.08
3.7028e-06,0.012,0.004,0.06,0.08
3.7032e-06,0.012,-0.004,0.06,0.08
3.7036e-06,0.004,0.004,0.02,0.08
3.7040e-06,0.004,-0.004,0.02,0.08
3.7044e-06,-0.004,-0.004,-0.02,0.04
3.7048e-06,-0.004,-0.004,-0.02,0.08
3.7052e-06,0.004,0.004,0.02,0.08
3.7056e-06,0.004,-0.004,-0.02,0.12
3.7060e-06,-0.004,0.004,0.02,0.08
3.7064e-06,-0.004,0.004,-0.02,0.08
3.7068e-06,0.004,-0.012,0.02,0.08
3.7072e-06,0.004,-0.004,0.02,0.04
3.7076e-06,-0.004,0.004,0.02,0.08
3.7080e-06,0.004,-0.004,0.06,0.04
3.7084e-06,-0.004,0.004,0.1,0.08
3.7088e-06,-0.012,-0.004,0.02,0.08
3.7092e-06,0.004,0.004,-0.02,0.08
3.7096e-06,0.004,-0.004,-0.02,0.04
3.7100e-06,-0.004,0.004,0.02,0.08
3.7104e-06,-0.004,-0.004,0.02,0.04
3.7108e-06,0.004,0.004,0.06,0.08
3.7112e-06,-0.004,0.004,0.06,0.08
3.7116e-06,0.004,0.004,0.06,0.04
3.7120e-06,-0.004,0.004,0.06,0.08
3.7124e-06,-0.004,0.004,0.02,0.04
3.7128e-06,0.004,-0.004,0.02,0.08
3.7132e-06,0.004,0.004,0.06,0.08
3.7136e-06,0.004,-0.004,0.02,0.04
3.7140e-06,-0.004,-0.004,0.02,0.04
3.7144e-06,-0.004,-0.004,0.02,0.04
3.7148e-06,0.004,0.004,0.02,0.04
3.7152e-06,-0.004,-0.004,0.06,0.08
3.7156e-06,0.004,0.004,0.02,0.04
3.7160e-06,-0.012,0.004,-0.02,0.04
3.7164e-06,-0.004,0.004,0.06,0.08
3.7168e-06,-0.004,-0.004,0.06,0.12
3.7172e-06,0.004,0.004,0.06,0.12
3.7176e-06,-0.004,0.004,0.06,0.08
3.7180e-06,0.012,0.004,0.06,0
3.7184e-06,0.004,-0.004,0.02,0
3.7188e-06,0.004,-0.004,0.02,0.08
3.7192e-06,-0.004,-0.004,0.02,0.04
3.7196e-06,0.004,-0.004,0.02,0.04
3.7200e-06,0.004,-0.004,-0.02,0
3.7204e-06,0.004,0.004,0.02,0.04
3.7208e-06,0.004,0.004,0.06,0.04
3.7212e-06,0.004,-0.004,0.02,0.08
3.7216e-06,0.004,-0.004,-0.02,0.04
3.7220e-06,0.004,0.004,0.02,0.08
3.7224e-06,0.004,0.004,0.02,0.08
3.7228e-06,0.004,0.004,0.02,0.04
3.7232e-06,0.004,0.004,0.02,0.04
3.7236e-06,0.004,-0.004,0.02,0.04
3.7240e-06,0.004,-0.004,0.06,0.04
3.7244e-06,-0.004,-0.004,0.02,0.04
3.7248e-06,-0.004,0.004,0.02,0.04
3.7252e-06,0.004,0.004,0.02,0.04
3.7256e-06,-0.004,0.004,0.06,0.08
3.7260e-06,-0.004,0.004,0.02,0.08
3.7264e-06,0.004,-0.004,0.02,0.04
3.7268e-06,-0.004,-0.004,0.02,0.04
3.7272e-06,-0.004,-0.004,0.06,0.04
3.7276e-06,0.012,-0.004,0.06,0.04
3.7280e-06,-0.004,0.004,0.02,0.04
3.7284e-06,-0.004,0.004,0.02,0.04
3.7288e-06,-0.004,-0.004,0.02,0.08
3.7292e-06,-0.004,0.004,0.02,0.04
3.7296e-06,-0.004,0.004,-0.02,0.04
3.7300e-06,-0.004,-0.004,-0.02,0.04
3.7304e-06,-0.004,0.004,-0.02,0.04
3.7308e-06,0.004,-0.012,-0.02,0.04
3.7312e-06,-0.004,0.004,0.06,0.08
3.7316e-06,-0.004,0.004,0.02,0.08
3.7320e-06,0.004,-0.012,0.02,0.08
3.7324e-06,-0.004,-0.004,0.02,0.04
3.7328e-06,0.004,-0.004,0.02,0.04
3.7332e-06,-0.004,-0.004,0.06,0.04
3.7336e-06,-0.004,-0.004,0.1,0.08
3.7340e-06,-0.004,0.004,-0.02,0.04
3.7344e-06,-0.004,-0.004,0.1,0.04
3.7348e-06,-0.004,-0.004,0.02,0.04
3.7352e-06,0.012,0.004,0.02,0.04
3.7356e-06,-0.004,0.004,0.02,0.08
3.7360e-06,0.004,-0.012,0.02,0
3.7364e-06,0.004,-0.012,0.02,0.04
3.7368e-06,-0.004,-0.012,0.02,0.08
3.7372e-06,-0.004,-0.02,0.02,0.04
3.7376e-06,0.004,-0.02,0.06,0.08
3.7380e-06,-0.004,-0.012,0.06,0.08
3.7384e-06,-0.004,-0.004,0.02,0.08
3.7388e-06,-0.004,-0.012,0.02,0.08
3.7392e-06,0.004,-0.012,0.06,0.12
3.7396e-06,0.004,-0.012,0.06,0.08
3.7400e-06,0.004,-0.004,-0.02,0.04
3.7404e-06,-0.004,-0.012,-0.02,0.08
3.7408e-06,-0.004,-0.004,-0.02,0.04
3.7412e-06,0.004,-0.004,0.02,0.04
3.7416e-06,0.004,-0.004,-0.02,0.08
3.7420e-06,0.004,-0.004,0.06,0.08
3.7424e-06,-0.004,0.004,0.02,0.04
3.7428e-06,-0.004,0.004,0.06,0.08
3.7432e-06,-0.004,0.004,0.02,0.04
3.7436e-06,-0.012,-0.004,0.02,0.04
3.7440e-06,-0.004,-0.004,0.02,0.04
3.7444e-06,-0.02,-0.004,-0.02,0.04
3.7448e-06,-0.012,0.004,0.02,0
3.7452e-06,-0.028,-0.012,0.06,0.08
3.7456e-06,-0.02,-0.012,-0.02,0.04
3.7460e-06,-0.02,-0.004,0.02,0.08
3.7464e-06,-0.02,-0.004,0.02,0.04
3.7468e-06,-0.012,-0.004,0.1,0.08
3.7472e-06,-0.012,-0.004,0.06,0.04
3.7476e-06,-0.012,0.004,0.06,0.04
3.7480e-06,-0.004,-0.004,0.06,0.08
3.7484e-06,-0.012,-0.004,0.06,0.04
3.7488e-06,-0.004,-0.004,0.02,0.04
3.7492e-06,-0.012,0.004,0.06,0.08
3.7496e-06,-0.004,0.004,0.02,0.08
3.7500e-06,-0.012,0.004,-0.02,0.04
3.7504e-06,-0.012,0.004,0.02,0.04
3.7508e-06,-0.004,0.004,-0.02,0
3.7512e-06,-0.012,-0.004,0.02,0.04
3.7516e-06,0.004,-0.004,0.02,0
3.7520e-06,-0.004,-0.004,0.02,0.04
3.7524e-06,-0.012,-0.004,0.06,0.04
3.7528e-06,0.004,-0.004,0.06,0.04
3.7532e-06,-0.004,-0.004,0.02,0.04
3.7536e-06,-0.004,-0.004,0.02,0.04
3.7540e-06,0.004,0.004,0.06,0.04
3.7544e-06,-0.004,-0.004,0.02,0.04
3.7548e-06,0.004,-0.004,-0.02,0.04
3.7552e-06,0.004,-0.004,0.02,0.04
3.7556e-06,-0.004,-0.012,0.02,0.04
3.7560e-06,-0.004,0.004,-0.02,0.04
3.7564e-06,-0.004,-0.004,0.1,0.04
3.7568e-06,0.004,-0.004,0.02,0.04
3.7572e-06,-0.004,-0.004,0.02,0.08
3.7576e-06,-0.012,0.004,0.02,0.04
3.7580e-06,-0.004,-0.012,0.06,0.04
3.7584e-06,0.004,-0.004,0.06,0.08
3.7588e-06,0.004,0.004,0.06,0
3.7592e-06,-0.004,-0.012,0.02,0
3.7596e-06,0.004,-0.012,0.06,0.04
3.7600e-06,0.004,-0.004,0.02,0.08
3.7604e-06,0.012,0.004,-0.02,0.04
3.7608e-06,0.012,-0.004,-0.02,0.08
3.7612e-06,-0.004,-0.004,-0.02,0.04
3.7616e-06,0.004,0.004,0.02,0.04
3.7620e-06,-0.004,-0.004,0.02,0.08
3.7624e-06,0.004,0.004,0.02,0.04
3.7628e-06,0.012,-0.004,0.02,0.04
3.7632e-06,0.004,-0.004,0.02,0.04
3.7636e-06,-0.004,0.004,0.06,0.04
3.7640e-06,0.004,-0.004,0.02,0.04
3.7644e-06,0.004,0.004,-0.02,0.04
3.7648e-06,0.004,0.004,0.1,0.04
3.7652e-06,0.004,-0.004,0.02,0.04
3.7656e-06,-0.004,0.004,0.1,0.04
3.7660e-06,0.004,-0.004,0.06,0.04
3.7664e-06,-0.012,0.004,0.06,0.08
3.7668e-06,0.004,0.004,0.02,0.04
3.7672e-06,0.004,-0.004,0.02,0.04
3.7676e-06,0.004,0.004,-0.02,0.04
3.7680e-06,0.004,-0.004,0.02,0.04
3.7684e-06,-0.004,-0.004,0.06,0.04
3.7688e-06,-0.012,-0.004,0.02,0.04
3.7692e-06,0.012,0.004,0.02,0.08
3.7696e-06,0.004,0.004,0.06,0.04
3.7700e-06,-0.004,0.004,0.02,0.08
3.7704e-06,-0.004,0.004,0.06,0.04
3.7708e-06,0.012,-0.004,0.02,0.08
3.7712e-06,0.004,0.004,0.02,0.04
3.7716e-06,0.004,0.004,0.06,0.04
3.7720e-06,-0.004,0.004,0.02,0.04
3.7724e-06,0.004,-0.004,0.06,0.04
3.7728e-06,-0.012,-0.004,0.06,0.04
3.7732e-06,0.012,0.004,0.06,0.04
3.7736e-06,-0.004,-0.004,0.02,0.08
3.7740e-06,-0.004,0.004,0.06,0.08
3.7744e-06,-0.004,-0.004,0.02,0.04
3.7748e-06,-0.004,-0.004,0.02,0.08
3.7752e-06,0.004,0.004,0.1,0.04
3.7756e-06,-0.004,0.004,0.06,0.04
3.7760e-06,-0.004,0.004,0.06,0.08
3.7764e-06,0.004,-0.004,0.06,0.04
3.7768e-06,0.004,-0.004,0.02,0.12
3.7772e-06,0.004,-0.004,0.02,0.08
3.7776e-06,0.004,-0.004,0.02,0.08
3.7780e-06,-0.004,0.004,0.02,0.08
3.7784e-06,-0.004,-0.004,0.02,0.04
3.7788e-06,-0.004,-0.004,0.06,0.04
3.7792e-06,0.004,-0.004,0.06,0.04
3.7796e-06,0.004,0.004,0.1,0.04
3.7800e-06,-0.004,0.004,0.02,0.04
3.7804e-06,-0.004,-0.004,0.02,0.08
3.7808e-06,-0.004,-0.004,0.02,0.08
3.7812e-06,0.004,-0.004,0.02,0.04
3.7816e-06,0.004,-0.004,0.06,0.04
3.7820e-06,0.004,0.004,0.06,0.04
3.7824e-06,0.004,-0.012,0.06,0.04
3.7828e-06,-0.004,-0.004,0.02,0.08
3.7832e-06,-0.012,0.004,0.02,0.08
3.7836e-06,-0.004,0.004,0.06,0.08
3.7840e-06,-0.02,-0.004,0.06,0.04
3.7844e-06,-0.02,-0.004,0.02,0.04
3.7848e-06,0.004,-0.004,0.02,0.04
3.7852e-06,0.004,-0.004,0.02,0.04
3.7856e-06,0.004,0.004,0.06,0.08
3.7860e-06,0.004,0.004,0.02,0.08
3.7864e-06,-0.004,0.004,0.02,0.08
3.7868e-06,-0.004,-0.004,0.02,0
3.7872e-06,-0.004,0.004,0.02,0
3.7876e-06,-0.004,0.004,0.02,0
3.7880e-06,-0.004,-0.004,0.02,0
3.7884e-06,-0.004,0.004,0.02,0
3.7888e-06,0.004,-0.004,0.02,0.04
3.7892e-06,-0.012,-0.004,0.02,0.08
3.7896e-06,0.004,0.004,0.02,0.08
3.7900e-06,-0.004,-0.004,0.02,0.04
3.7904e-06,-0.004,-0.004,0.02,0.04
3.7908e-06,-0.012,0.004,-0.02,0.04
3.7912e-06,-0.004,0.004,0.02,0.04
3.7916e-06,0.004,0.012,0.02,0.04
3.7920e-06,-0.004,-0.004,0.02,0.04
3.7924e-06,0.004,-0.012,0.02,0.08
3.7928e-06,0.004,-0.004,0.06,0.08
3.7932e-06,0.004,-0.004,0.06,0.04
3.7936e-06,-0.004,0.004,0.06,0.08
3.7940e-06,-0.004,0.004,-0.02,0.04
3.7944e-06,-0.004,-0.004,0.02,0.08
3.7948e-06,0.004,-0.004,0.02,0.08
3.7952e-06,-0.012,-0.004,0.06,0.08
3.7956e-06,0.004,-0.004,0.06,0.08
3.7960e-06,-0.004,-0.012,0.02,0.04
3.7964e-06,-0.004,0.004,0.06,0.04
3.7968e-06,-0.004,-0.004,0.02,0.04
3.7972e-06,0.004,0.004,0.02,0.08
3.7976e-06,0.012,0.004,0.02,0.04
3.7980e-06,0.004,0.004,0.02,0.04
3.7984e-06,-0.004,-0.004,-0.02,0.04
3.7988e-06,0.004,-0.004,0.02,0.08
3.7992e-06,0.004,0.004,0.02,0.08
3.7996e-06,0.004,-0.004,-0.02,0.04
3.8000e-06,-0.004,-0.004,0.02,0.08
3.8004e-06,-0.004,-0.004,-0.02,0.04
3.8008e-06,0.004,0.004,-0.02,0.08
3.8012e-06,0.004,0.004,0.02,0.08
3.8016e-06,-0.004,-0.004,0.02,0.08
3.8020e-06,-0.004,-0.004,0.02,0.08
3.8024e-06,0.004,-0.004,-0.02,0.04
3.8028e-06,0.004,-0.004,0.02,0.08
3.8032e-06,0.012,-0.004,0.02,0.08
3.8036e-06,0.004,0.004,0.02,0.08
3.8040e-06,-0.004,0.004,0.02,0.04
3.8044e-06,-0.004,0.004,0.06,0
3.8048e-06,-0.004,0.004,0.02,0.04
3.8052e-06,-0.004,0.004,0.02,0.08
3.8056e-06,0.004,0.004,0.06,0.04
3.8060e-06,-0.004,0.004,0.06,0.04
3.8064e-06,-0.004,0.004,0.06,0
3.8068e-06,-0.004,-0.004,0.02,0.08
3.8072e-06,0.004,-0.004,0.02,0.08
3.8076e-06,-0.004,-0.004,-0.02,0.08
3.8080e-06,0.004,0.004,0.02,0
3.8084e-06,-0.004,0.004,-0.02,0.04
3.8088e-06,0.004,-0.004,-0.02,0.04
3.8092e-06,0.004,-0.004,0.06,0
3.8096e-06,0.004,-0.004,0.02,0.04
3.8100e-06,-0.004,-0.004,0.02,0.08
3.8104e-06,-0.004,0.004,0.06,0.04
3.8108e-06,-0.004,-0.004,0.02,0.04
3.8112e-06,-0.004,-0.004,-0.02,0
3.8116e-06,0.004,0.004,-0.02,0.04
3.8120e-06,-0.004,0.004,-0.02,0.04
3.8124e-06,-0.004,0.004,-0.02,0.08
3.8128e-06,0.004,0.004,0.02,0.08
3.8132e-06,-0.004,-0.004,0.02,0.08
3.8136e-06,-0.004,-0.004,-0.02,0.04
3.8140e-06,0.004,0.004,0.06,0.08
3.8144e-06,0.004,-0.004,0.06,0
3.8148e-06,0.004,-0.004,0.02,0.04
3.8152e-06,0.004,0.004,0.06,0.08
3.8156e-06,-0.004,0.004,0.02,0.04
3.8160e-06,0.004,-0.004,0.02,0.04
3.8164e-06,0.004,-0.012,-0.02,0.08
3.8168e-06,-0.012,-0.004,0.02,0.04
3.8172e-06,-0.004,-0.004,0.02,0.08
3.8176e-06,-0.004,0.004,0.06,0.08
3.8180e-06,-0.004,-0.004,0.02,0.08
3.8184e-06,0.004,0.004,0.02,0.04
3.8188e-06,-0.004,-0.012,0.02,0.08
3.8192e-06,0.004,-0.004,0.06,0.04
3.8196e-06,-0.004,0.004,0.06,0
3.8200e-06,0.004,0.004,0.02,0.08
3.8204e-06,-0.004,0.004,0.02,0.04
3.8208e-06,-0.012,-0.012,0.02,0.04
3.8212e-06,-0.004,-0.004,-0.02,0.04
3.8216e-06,0.004,0.004,0.02,0.04
3.8220e-06,-0.004,0.004,0.06,0
3.8224e-06,0.004,0.004,0.02,0.04
3.8228e-06,0.004,-0.004,0.02,0.04
3.8232e-06,-0.004,-0.004,0.02,0.08
3.8236e-06,-0.004,-0.004,0.02,0.08
3.8240e-06,0.012,-0.004,0.06,0.08
3.8244e-06,0.004,0.004,0.02,0.04
3.8248e-06,-0.004,0.004,0.02,0.08
3.8252e-06,0.004,0.004,0.02,0.08
3.8256e-06,0.004,0.004,-0.02,0.08
3.8260e-06,-0.004,0.004,0.02,0.04
3.8264e-06,0.004,0.004,-0.02,0
3.8268e-06,0.004,-0.004,0.02,0.08
3.8272e-06,-0.004,-0.004,-0.02,0.04
3.8276e-06,-0.004,-0.004,-0.02,0
3.8280e-06,-0.004,-0.004,0.06,0.04
3.8284e-06,0.004,0.004,0.02,0.04
3.8288e-06,-0.004,0.004,0.02,0.04
3.8292e-06,-0.004,-0.004,-0.02,0.04
3.8296e-06,-0.004,0.004,-0.02,0.08
3.8300e-06,-0.004,0.012,0.02,0.04
3.8304e-06,-0.012,-0.004,0.02,0
3.8308e-06,-0.004,-0.004,-0.02,0.08
3.8312e-06,-0.004,-0.004,0.02,0.08
3.8316e-06,-0.004,0.004,0.02,0.12
3.8320e-06,-0.004,0.004,-0.02,0.08
3.8324e-06,-0.004,-0.004,0.02,0.08
3.8328e-06,-0.004,0.004,0.02,0.08
3.8332e-06,0.004,0.004,0.02,0.08
3.8336e-06,0.004,-0.004,0.02,0.08
3.8340e-06,-0.004,-0.004,-0.02,0.08
3.8344e-06,0.004,-0.004,0.02,0.04
3.8348e-06,-0.012,0.004,0.02,0.08
3.8352e-06,-0.004,-0.012,0.02,0.04
3.8356e-06,-0.004,0.004,0.02,0.08
3.8360e-06,0.004,0.004,0.02,0.04
3.8364e-06,0.004,0.004,0.02,0.04
3.8368e-06,-0.004,0.004,0.02,0.04
3.8372e-06,0.004,-0.004,0.02,0.12
3.8376e-06,0.004,0.004,0.1,0.08
3.8380e-06,0.012,-0.004,0.02,0.04
3.8384e-06,-0.004,0.004,0.02,0
3.8388e-06,0.004,0.004,0.02,0.04
3.8392e-06,-0.004,-0.004,0.02,0.08
3.8396e-06,0.004,0.004,0.02,0.04
3.8400e-06,-0.004,-0.004,0.02,0.04
3.8404e-06,-0.004,-0.004,0.06,0.04
3.8408e-06,-0.004,0.004,0.02,0.08
3.8412e-06,-0.004,0.004,0.06,0.08
3.8416e-06,-0.004,-0.004,-0.02,0.04
3.8420e-06,0.004,-0.004,-0.02,0.04
3.8424e-06,-0.004,-0.004,0.02,0.08
3.8428e-06,-0.004,-0.004,0.06,0.08
3.8432e-06,-0.004,-0.004,-0.02,0.04
3.8436e-06,0.004,-0.004,0.02,0.04
3.8440e-06,0.004,0.004,0.06,0.04
3.8444e-06,0.004,0.004,0.02,0.04
3.8448e-06,0.004,-0.004,-0.02,0.04
3.8452e-06,-0.004,-0.004,-0.02,0.04
3.8456e-06,0.004,-0.004,0.06,0.04
3.8460e-06,0.004,-0.012,0.06,0.04
3.8464e-06,-0.004,-0.012,0.02,0.04
3.8468e-06,0.004,-0.004,0.06,0.04
3.8472e-06,0.004,0.004,0.1,0.04
3.8476e-06,0.012,0.012,0.02,0.04
3.8480e-06,0.012,-0.004,0.02,0.08
3.8484e-06,-0.004,-0.004,0.02,0
3.8488e-06,-0.012,0.004,-0.02,0.08
3.8492e-06,0.004,-0.004,0.02,0.04
3.8496e-06,-0.004,0.004,0.02,0.08
3.8500e-06,0.004,0.004,0.02,0.04
3.8504e-06,0.004,0.004,0.02,0.08
3.8508e-06,0.004,0.004,0.06,0.08
3.8512e-06,-0.004,-0.004,0.06,0.04
3.8516e-06,-0.004,-0.004,0.06,0.08
3.8520e-06,-0.004,-0.004,0.02,0.08
3.8524e-06,-0.004,-0.004,0.06,0.08
3.8528e-06,0.004,-0.004,0.06,0.08
3.8532e-06,0.004,0.004,-0.02,0.08
3.8536e-06,-0.004,0.004,0.02,0.04
3.8540e-06,-0.004,0.004,0.02,0.08
3.8544e-06,0.004,-0.004,0.06,0.08
3.8548e-06,-0.004,-0.004,0.06,0.04
3.8552e-06,-0.012,-0.004,0.1,0
3.8556e-06,-0.004,-0.004,0.02,0
3.8560e-06,0.004,0.004,0.02,0
3.8564e-06,0.004,-0.004,0.06,0
3.8568e-06,0.004,-0.004,0.06,0.04
3.8572e-06,-0.004,0.004,0.02,0.04
3.8576e-06,0.004,0.004,0.02,0.04
3.8580e-06,-0.004,-0.004,0.02,0.08
3.8584e-06,0.012,0.004,0.02,0.08
3.8588e-06,-0.004,0.004,0.02,0.04
3.8592e-06,-0.012,-0.004,0.02,0.04
3.8596e-06,-0.004,-0.004,0.02,0.04
3.8600e-06,-0.004,-0.004,0.06,0.04
3.8604e-06,-0.02,0.004,0.06,0.08
3.8608e-06,-0.028,0.004,0.06,0
3.8612e-06,-0.028,-0.004,0.02,0.08
3.8616e-06,-0.02,-0.004,-0.02,0.08
3.8620e-06,-0.012,0.004,0.02,0.08
3.8624e-06,-0.012,-0.004,0.02,0.04
3.8628e-06,-0.012,-0.004,0.06,0.04
3.8632e-06,-0.004,-0.004,0.06,0.04
3.8636e-06,-0.004,0.004,0.06,0.08
3.8640e-06,-0.004,-0.004,-0.02,0.12
3.8644e-06,-0.012,-0.004,0.02,0.04
3.8648e-06,-0.004,0.004,0.02,0.08
3.8652e-06,-0.012,-0.004,0.02,0.04
3.8656e-06,-0.004,-0.004,0.02,0.04
3.8660e-06,-0.004,0.004,0.02,0.08
3.8664e-06,-0.012,0.004,0.02,0.08
3.8668e-06,-0.004,0.004,0.02,0.04
3.8672e-06,0.004,0.004,0.02,0.08
3.8676e-06,0.004,0.004,0.02,0.04
3.8680e-06,0.004,0.004,-0.02,0.08
3.8684e-06,-0.012,-0.004,0.06,0.08
3.8688e-06,-0.004,-0.004,0.02,0.08
3.8692e-06,-0.004,-0.012,0.02,0.08
3.8696e-06,0.004,-0.004,0.02,0.04
3.8700e-06,-0.012,0.004,0.06,0.04
3.8704e-06,-0.004,0.004,0.02,0.08
3.8708e-06,0.004,0.004,0.02,0.08
3.8712e-06,-0.004,0.004,0.02,0.08
3.8716e-06,-0.012,-0.004,0.02,0.04
3.8720e-06,-0.012,-0.004,0.02,0.08
3.8724e-06,-0.012,-0.012,0.02,0.08
3.8728e-06,-0.004,-0.004,0.02,0.04
3.8732e-06,-0.012,0.004,0.02,0.04
3.8736e-06,-0.004,0.004,-0.02,0.08

